4 508
116 504
232 504
344 496
456 487
568 481
680 476
796 465
912 455
1024 448
1136 440
1248 432
1360 423
1472 415
1584 415
1696 412
1808 408
1924 408
2036 408
2148 408
2260 408
2372 408
2484 412
2596 415
2708 415
2820 423
2940 432
3052 433
3164 448
3276 449
3388 455
3500 472
3612 480
3724 483
3840 494
3956 497
4068 504
4180 508
4292 511
4404 512
4516 513
4632 513
4744 512
4856 512
4972 510
5084 504
5196 504
5312 496
5424 492
5536 483
5648 480
5760 472
5872 462
5988 449
6104 448
6216 432
6328 423
6440 419
6552 415
6664 412
6776 408
6888 408
7008 408
7120 408
7232 408
7344 408
7456 412
7568 414
7680 415
7792 419
7904 423
8024 433
8136 448
8248 448
8360 455
8472 463
8584 480
8696 483
8808 492
8920 496
9040 504
9152 508
9264 511
9376 512
9488 513
9600 513
9712 513
9824 512
9940 511
10056 508
10168 504
10280 496
10392 494
10504 487
10620 480
10732 472
10844 463
10956 455
11072 448
11184 440
11300 430
11412 423
11524 415
11636 414
11748 408
11860 408
11972 408
12092 408
12204 408
12316 408
12428 408
12540 414
12652 415
12764 419
12876 423
12988 432
13108 440
13220 448
13332 455
13444 463
13556 476
13668 481
13780 487
13892 496
14004 504
14124 508
14236 511
14348 512
14460 513
14572 513
14684 513
14796 512
14908 511
15020 508
15140 504
15252 497
15364 496
15476 487
15588 480
15700 472
15816 463
15928 455
16040 448
16156 440
16268 432
16380 423
16496 415
16608 414
16720 412
16832 408
16944 408
17056 408
17168 408
17284 408
17396 408
17508 412
17620 415
17732 415
17844 423
17956 432
18068 440
18180 448
18300 451
18412 462
18524 472
18636 480
18748 487
18860 496
18976 504
19088 504
19200 510
19316 511
19428 512
19540 513
19656 513
19768 512
19880 511
19992 510
20104 504
20216 504
20332 496
20448 487
20560 481
20672 476
20784 465
20896 455
21008 448
21120 440
21232 432
21352 423
21464 415
21576 415
21688 412
21800 408
21912 408
22024 408
22136 408
22248 408
22368 408
22480 412
22592 414
22704 415
22816 423
22928 430
23040 433
23152 448
23264 449
23384 455
23496 467
23608 480
23720 483
23832 494
23944 497
24056 504
24172 508
24284 511
24400 512
24512 513
24624 512
24736 512
24852 511
24964 510
25076 508
25188 504
25300 496
25416 487
25532 483
25644 480
25756 472
25868 462
25980 449
26092 448
26204 433
26316 423
26436 419
26548 415
26660 412
26772 408
26884 408
26996 408
27108 408
27220 408
27332 408
27452 412
27564 414
27676 415
27788 419
27900 428
28012 432
28124 440
28236 448
28348 455
28468 463
28580 480
28692 483
28804 492
