4 192
316 184
632 184
948 179
1260 176
1572 176
1892 176
2204 177
2516 184
2828 184
3148 184
3460 192
3772 192
4092 195
4404 199
4716 207
5032 211
5348 220
5660 224
5976 231
6288 240
6600 248
6912 252
7232 255
7544 255
7856 271
8176 284
8488 287
8800 300
9120 312
9432 318
9744 319
10064 335
10376 344
10688 353
11000 359
11316 376
11632 384
11944 391
12260 399
12572 412
12884 423
13204 432
13516 448
13828 449
14148 462
14460 472
14772 481
15084 492
15404 504
15716 512
16028 524
16348 536
16660 543
16972 551
17288 568
17600 575
17916 583
18232 600
18544 608
18856 615
19168 625
19488 638
19800 639
20112 655
20432 668
20744 679
21056 688
21376 704
21688 707
22000 718
22316 728
22632 732
22944 736
23256 736
23572 739
23884 739
24200 743
24516 743
24828 739
25140 739
25460 737
25772 736
26084 736
26404 728
26716 728
27028 719
27340 711
27660 711
27972 704
28284 704
28600 696
28916 688
29228 675
29544 671
29856 664
30168 655
30484 639
30800 639
31112 632
31424 624
31744 611
32056 608
32368 591
32688 583
33000 575
33312 568
33632 560
33944 543
34256 540
34568 527
34884 519
35200 510
35512 497
35828 487
36140 480
36452 472
36772 455
37084 448
37396 440
37716 428
38028 415
38340 408
38652 398
38972 385
39284 384
39596 368
39916 353
40228 344
40540 335
40856 319
41172 312
41484 304
41800 287
42112 280
42424 271
42736 255
43056 252
43368 240
43680 227
44000 220
44312 207
44624 199
44944 195
45256 192
45568 184
45888 184
46200 179
46512 177
46824 176
47140 176
47456 177
47768 179
48084 184
48396 184
48708 192
49028 192
49340 195
49652 199
49972 206
50284 207
50596 216
50908 224
51228 227
51540 231
51852 241
52168 252
52484 255
52796 255
53112 271
53424 280
53736 287
54056 295
54368 305
54680 316
54992 319
55312 334
55624 344
55936 352
56256 359
56568 369
56880 384
57200 387
57512 399
57824 408
58140 415
58456 430
58768 440
59080 448
59396 455
59708 472
60020 480
60340 487
60652 499
60964 510
61284 519
61596 527
61908 542
62220 551
62540 560
62852 572
63164 575
63484 591
63796 604
64108 611
64424 624
64740 636
65052 639
65368 655
65680 664
65992 671
66304 688
66624 696
66936 705
67248 716
67568 719
67880 728
68192 736
68512 736
68824 737
69136 739
69456 743
69768 743
70080 739
70392 739
70708 737
71024 736
71336 736
71652 732
71964 728
72276 719
72596 718
72908 711
73220 704
73540 704
73852 696
74164 688
74476 679
74796 671
75108 664
75420 655
75740 639
76052 639
76364 632
76680 624
76992 615
77308 608
77624 600
77936 588
78248 575
78560 572
78880 560
79192 551
79504 542
79824 529
80136 519
