4 384
116 376
232 366
344 355
456 352
568 344
680 334
796 319
912 319
1024 312
1136 304
1248 295
1360 287
1472 286
1584 280
1696 271
1808 255
1924 255
2036 255
2148 252
2260 248
2372 240
2484 255
2596 271
2708 287
2820 304
2940 318
3052 327
3164 344
3276 355
3388 369
3500 384
3612 391
3724 408
3840 415
3956 432
4068 440
4180 449
4292 462
4404 472
4516 480
4632 487
4744 504
4856 510
4972 515
5084 527
5196 536
5312 543
5424 551
5536 560
5648 568
5760 574
5872 575
5988 590
6104 593
6216 600
6328 608
6440 615
6552 624
6664 625
6776 632
6888 639
7008 639
7120 639
7232 655
7344 664
7456 639
7568 632
7680 615
7792 600
7904 588
8024 574
8136 560
8248 543
8360 536
8472 519
8584 508
8696 496
8808 483
8920 472
9040 463
9152 449
9264 448
9376 432
9488 419
9600 412
9712 399
9824 391
9940 384
10056 384
10168 368
10280 359
10392 352
10504 344
10620 335
10732 327
10844 319
10956 316
11072 305
11184 295
11300 291
11412 287
11524 280
11636 271
11748 255
11860 255
11972 255
12092 254
12204 248
12316 241
12428 254
12540 255
12652 284
12764 295
12876 312
12988 319
13108 344
13220 353
13332 368
13444 384
13556 391
13668 403
13780 415
13892 423
14004 440
14124 448
14236 455
14348 472
14460 480
14572 487
14684 496
14796 508
14908 515
15020 526
15140 536
15252 542
15364 547
15476 560
15588 568
15700 574
15816 575
15928 583
16040 591
16156 600
16268 608
16380 611
16496 620
16608 625
16720 632
16832 638
16944 639
17056 639
17168 654
17284 655
17396 652
17508 636
17620 620
17732 608
17844 591
17956 575
18068 563
18180 551
18300 536
18412 524
18524 511
18636 504
18748 487
18860 480
18976 463
19088 455
19200 448
19316 432
19428 423
19540 415
19656 408
19768 391
19880 385
19992 384
20104 368
20216 359
20332 352
20448 344
20560 335
20672 327
20784 319
20896 316
21008 312
21120 304
21232 295
21352 287
21464 284
21576 280
21688 271
21800 255
21912 255
22024 254
22136 248
22248 243
22368 248
22480 255
22592 280
22704 291
22816 312
22928 319
23040 335
23152 352
23264 359
23384 384
23496 387
23608 399
23720 412
23832 423
23944 432
24056 448
24172 455
24284 463
24400 480
24512 483
24624 496
24736 504
24852 512
24964 519
25076 527
25188 540
25300 543
25416 551
25532 561
25644 572
25756 575
25868 583
25980 591
26092 600
26204 608
26316 609
26436 615
26548 624
26660 632
26772 636
26884 639
26996 639
27108 652
27220 655
27332 655
27452 639
27564 624
27676 608
27788 591
27900 575
28012 568
28124 551
28236 540
28348 527
28468 513
28580 504
28692 487
28804 480
