4 560
116 568
232 574
344 575
456 575
568 583
680 590
796 591
912 591
1024 600
1136 600
1248 600
1360 600
1472 593
1584 591
1696 591
1808 588
1924 575
2036 575
2148 575
2260 568
2372 561
2484 558
2596 547
2708 543
2820 536
2940 526
3052 515
3164 508
3276 497
3388 487
3500 480
3612 472
3724 462
3840 451
3956 448
4068 432
4180 423
4292 415
4404 408
4516 399
4632 391
4744 384
4856 384
4972 369
5084 359
5196 355
5312 352
5424 352
5536 344
5648 344
5760 335
5872 335
5988 335
6104 335
6216 335
6328 335
6440 335
6552 335
6664 344
6776 344
6888 352
7008 352
7120 359
7232 364
7344 369
7456 384
7568 384
7680 391
7792 399
7904 408
8024 415
8136 423
8248 433
8360 448
8472 451
8584 462
8696 472
8808 480
8920 487
9040 497
9152 510
9264 515
9376 527
9488 536
9600 542
9712 543
9824 556
9940 561
10056 568
10168 575
10280 575
10392 575
10504 588
10620 591
10732 591
10844 591
10956 600
11072 600
11184 600
11300 593
11412 591
11524 591
11636 590
11748 583
11860 575
11972 575
12092 572
12204 568
12316 560
12428 551
12540 543
12652 540
12764 527
12876 519
12988 513
13108 504
13220 496
13332 483
13444 480
13556 465
13668 455
13780 448
13892 440
14004 432
14124 419
14236 414
14348 408
14460 396
14572 387
14684 384
14796 376
14908 368
15020 359
15140 355
15252 352
15364 348
15476 344
15588 339
15700 335
15816 335
15928 335
16040 335
16156 335
16268 335
16380 335
16496 335
16608 344
16720 348
16832 352
16944 353
17056 359
17168 368
17284 376
17396 384
17508 385
17620 391
17732 399
17844 412
17956 415
18068 428
18180 440
18300 448
18412 455
18524 463
18636 476
18748 481
18860 494
18976 504
19088 511
19200 519
19316 527
19428 536
19540 543
19656 551
19768 560
19880 568
19992 572
20104 575
20216 575
20332 583
20448 588
20560 591
20672 591
20784 595
20896 600
21008 600
21120 600
21232 595
21352 591
21464 591
21576 590
21688 583
21800 575
21912 575
22024 572
22136 568
22248 560
22368 551
22480 543
22592 536
22704 527
22816 519
22928 512
23040 504
23152 496
23264 483
23384 476
23496 463
23608 455
23720 448
23832 440
23944 428
24056 415
24172 412
24284 399
24400 391
24512 385
24624 384
24736 376
24852 368
24964 359
25076 353
25188 352
25300 348
25416 344
25532 339
25644 335
25756 335
25868 335
25980 335
26092 335
26204 335
26316 335
26436 344
26548 344
26660 348
26772 352
26884 355
26996 359
27108 368
27220 376
27332 384
27452 387
27564 398
27676 408
27788 414
27900 419
28012 432
28124 440
28236 448
28348 455
28468 467
28580 480
28692 487
28804 496
