4 480
116 472
232 462
344 449
456 448
568 432
680 423
796 415
912 408
1024 399
1136 391
1248 387
1360 384
1472 384
1584 384
1696 384
1808 384
1924 384
2036 384
2148 384
2260 384
2372 387
2484 391
2596 399
2708 408
2820 414
2940 423
3052 432
3164 440
3276 448
3388 455
3500 472
3612 480
3724 487
3840 496
3956 508
4068 513
4180 519
4292 527
4404 536
4516 543
4632 543
4744 551
4856 551
4972 556
5084 556
5196 556
5312 556
5424 551
5536 547
5648 543
5760 540
5872 536
5988 527
6104 519
6216 511
6328 504
6440 496
6552 481
6664 476
6776 463
6888 455
7008 448
7120 435
7232 423
7344 415
7456 412
7568 399
7680 396
7792 391
7904 385
8024 384
8136 384
8248 384
8360 384
8472 384
8584 384
8696 384
8808 384
8920 385
9040 391
9152 399
9264 408
9376 414
9488 419
9600 432
9712 440
9824 448
9940 455
10056 463
10168 480
10280 483
10392 496
10504 504
10620 512
10732 519
10844 527
10956 536
11072 542
11184 543
11300 547
11412 551
11524 551
11636 556
11748 556
11860 551
11972 551
12092 547
12204 543
12316 542
12428 536
12540 527
12652 519
12764 512
12876 504
12988 496
13108 483
13220 476
13332 463
13444 455
13556 448
13668 440
13780 430
13892 415
14004 412
14124 408
14236 398
14348 391
14460 385
14572 384
14684 384
14796 384
14908 384
15020 384
15140 384
15252 384
15364 384
15476 384
15588 391
15700 398
15816 399
15928 412
16040 415
16156 423
16268 435
16380 448
16496 451
16608 463
16720 472
16832 481
16944 494
17056 504
17168 511
17284 519
17396 527
17508 536
17620 540
17732 543
17844 543
17956 551
18068 551
18180 556
18300 556
18412 551
18524 551
18636 551
18748 543
18860 543
18976 536
19088 527
19200 519
19316 513
19428 508
19540 496
19656 487
19768 480
19880 472
19992 455
20104 448
20216 440
20332 432
20448 419
20560 415
20672 408
20784 399
20896 391
21008 385
21120 384
21232 384
21352 384
21464 384
21576 384
21688 384
21800 384
21912 384
22024 384
22136 387
22248 391
22368 399
22480 408
22592 415
22704 423
22816 432
22928 448
23040 449
23152 462
23264 472
23384 480
23496 487
23608 497
23720 510
23832 515
23944 524
24056 529
24172 540
24284 543
24400 543
24512 551
24624 551
24736 556
24852 556
24964 556
25076 551
25188 551
25300 543
25416 543
25532 540
25644 531
25756 526
25868 515
25980 510
26092 499
26204 492
26316 480
26436 472
26548 462
26660 451
26772 448
26884 432
26996 423
27108 415
27220 408
27332 399
27452 391
27564 387
27676 384
27788 384
27900 384
28012 384
28124 384
28236 384
28348 384
28468 384
28580 384
28692 387
28804 391
