4 483
116 496
232 504
344 511
456 515
568 524
680 527
796 529
912 536
1024 536
1136 536
1248 531
1360 527
1472 524
1584 515
1696 511
1808 504
1924 496
2036 483
2148 476
2260 463
2372 455
2484 448
2596 440
2708 428
2820 415
2940 414
3052 408
3164 399
3276 399
3388 399
3500 398
3612 399
3724 399
3840 403
3956 408
4068 415
4180 419
4292 432
4404 440
4516 448
4632 455
4744 463
4856 480
4972 487
5084 496
5196 504
5312 511
5424 519
5536 524
5648 527
5760 531
5872 536
5988 536
6104 536
6216 527
6328 527
6440 519
6552 515
6664 510
6776 504
6888 492
7008 481
7120 472
7232 463
7344 451
7456 448
7568 433
7680 423
7792 415
7904 412
8024 408
8136 399
8248 399
8360 398
8472 398
8584 399
8696 399
8808 408
8920 412
9040 415
9152 423
9264 432
9376 440
9488 449
9600 455
9712 472
9824 480
9940 487
10056 497
10168 508
10280 512
10392 519
10504 526
10620 527
10732 536
10844 536
10956 536
11072 536
11184 527
11300 527
11412 519
11524 513
11636 508
11748 497
11860 487
11972 480
12092 472
12204 462
12316 449
12428 448
12540 432
12652 423
12764 415
12876 412
12988 408
13108 399
13220 399
13332 398
13444 398
13556 399
13668 399
13780 408
13892 412
14004 415
14124 423
14236 433
14348 448
14460 451
14572 463
14684 472
14796 481
14908 487
15020 499
15140 508
15252 515
15364 519
15476 527
15588 527
15700 536
15816 536
15928 536
16040 536
16156 527
16268 526
16380 519
16496 512
16608 504
16720 496
16832 487
16944 480
17056 472
17168 455
17284 448
17396 440
17508 432
17620 423
17732 415
17844 412
17956 408
18068 399
18180 399
18300 398
18412 399
18524 399
18636 399
18748 408
18860 414
18976 415
19088 428
19200 433
19316 448
19428 455
19540 463
19656 476
19768 481
19880 494
19992 504
20104 510
20216 515
20332 519
20448 527
20560 531
20672 536
20784 536
20896 536
21008 531
21120 527
21232 524
21352 515
21464 511
21576 504
21688 496
21800 483
21912 480
22024 463
22136 455
22248 448
22368 440
22480 428
22592 419
22704 414
22816 408
22928 399
23040 399
23152 398
23264 398
23384 398
23496 399
23608 403
23720 408
23832 415
23944 419
24056 430
24172 440
24284 448
24400 455
24512 463
24624 480
24736 483
24852 496
24964 504
25076 511
25188 519
25300 524
25416 527
25532 536
25644 536
25756 536
25868 536
25980 536
26092 527
26204 519
26316 515
26436 511
26548 504
26660 494
26772 481
26884 476
26996 463
27108 451
27220 448
27332 433
27452 423
27564 415
27676 412
27788 408
27900 399
28012 399
28124 398
28236 398
28348 399
28468 399
28580 408
28692 412
28804 415
