4 384
116 391
232 399
344 408
456 415
568 419
680 432
796 440
912 448
1024 451
1136 463
1248 472
1360 480
1472 483
1584 496
1696 504
1808 510
1924 519
2036 526
2148 536
2260 542
2372 547
2484 556
2596 563
2708 572
2820 575
2940 583
3052 591
3164 600
3276 608
3388 609
3500 615
3612 624
3724 632
3840 636
3956 639
4068 639
4180 639
4292 654
4404 655
4516 664
4632 664
4744 670
4856 671
4972 671
5084 675
5196 679
5312 679
5424 684
5536 688
5648 688
5760 688
5872 688
5988 688
6104 688
6216 688
6328 688
6440 688
6552 688
6664 684
6776 679
6888 679
7008 675
7120 671
7232 671
7344 670
7456 664
7568 664
7680 655
7792 654
7904 639
8024 639
8136 639
8248 636
8360 632
8472 624
8584 615
8696 611
8808 608
8920 600
9040 591
9152 583
9264 575
9376 572
9488 568
9600 558
9712 547
9824 542
9940 536
10056 527
10168 515
10280 511
10392 504
10504 496
10620 483
10732 480
10844 472
10956 462
11072 451
11184 448
11300 440
11412 430
11524 419
11636 414
11748 408
11860 398
11972 387
12092 384
12204 376
12316 368
12428 359
12540 352
12652 344
12764 339
12876 334
12988 319
13108 319
13220 312
13332 307
13444 304
13556 295
13668 287
13780 287
13892 284
14004 280
14124 271
14236 255
14348 255
14460 255
14572 255
14684 255
14796 254
14908 252
15020 248
15140 248
15252 248
15364 248
15476 243
15588 241
15700 241
15816 241
15928 243
16040 243
16156 248
16268 248
16380 248
16496 252
16608 252
16720 255
16832 255
16944 255
17056 255
17168 255
17284 271
17396 271
17508 280
17620 284
17732 287
17844 287
17956 295
18068 304
18180 312
18300 316
18412 319
18524 327
18636 335
18748 344
18860 348
18976 353
19088 359
19200 368
19316 384
19428 384
19540 391
19656 399
19768 408
19880 415
19992 423
20104 432
20216 440
20332 448
20448 455
20560 463
20672 472
20784 480
20896 487
21008 496
21120 504
21232 511
21352 519
21464 527
21576 536
21688 543
21800 547
21912 560
22024 568
22136 572
22248 575
22368 583
22480 591
22592 600
22704 608
22816 609
22928 615
23040 624
23152 632
23264 636
23384 639
23496 639
23608 639
23720 655
23832 655
23944 664
24056 664
24172 670
24284 671
24400 671
24512 675
24624 679
24736 679
24852 684
24964 688
25076 688
25188 688
25300 688
25416 688
25532 688
25644 688
25756 688
25868 688
25980 688
26092 684
26204 679
26316 679
26436 675
26548 671
26660 671
26772 668
26884 664
26996 664
27108 655
27220 654
27332 639
27452 639
27564 639
27676 632
27788 632
27900 624
28012 615
28124 609
28236 608
28348 600
28468 591
28580 583
28692 575
28804 572
