24 675
136 671
252 671
364 671
476 670
588 668
700 664
812 664
928 664
1040 655
1152 654
1268 639
1380 639
1492 639
1604 636
1720 632
1832 624
1944 615
2056 609
2168 608
2284 600
2400 591
2512 575
2624 575
2736 568
2848 560
2960 547
3072 542
3184 536
3304 519
3416 512
3528 504
3640 496
3752 483
3864 472
3976 463
4088 451
4200 448
4320 432
4432 419
4544 412
4656 399
4768 387
4880 384
4992 368
5104 355
5216 344
5328 334
5448 319
5560 312
5672 295
5784 287
5896 280
6008 255
6120 255
6236 248
6348 240
6464 225
6576 216
6688 207
6800 195
6916 192
7028 177
7140 167
7252 159
7364 152
7480 143
7596 135
7708 127
7820 120
7932 112
8044 103
8156 99
8268 96
8380 88
8500 83
8612 79
8724 71
8836 67
8948 63
9060 63
9172 60
9284 56
9396 56
9516 51
9628 48
9740 48
9852 48
9964 46
10076 46
10188 44
10300 46
10412 48
10532 48
10644 49
10756 49
10868 56
10980 56
11092 60
11204 63
11316 63
11432 67
11548 71
11660 79
11772 83
11884 88
11996 96
12112 99
12224 103
12336 112
12448 120
12564 127
12676 135
12788 143
12904 152
13016 159
13128 167
13240 177
13352 192
13464 195
13580 207
13696 216
13808 225
13920 238
14032 248
14144 255
14256 255
14368 280
14480 287
14600 295
14712 312
14824 319
14936 334
15048 344
15160 353
15272 368
15384 384
15496 387
15616 399
15728 412
15840 419
15952 432
16064 448
16176 449
16288 463
16400 472
16512 481
16632 492
16744 504
16856 511
16968 519
17080 527
17192 540
17304 543
17420 558
17532 568
17648 575
17760 575
17872 590
17984 600
18100 604
18212 608
18324 615
18436 624
18548 632
18664 632
18780 639
18892 639
19004 639
19116 652
19228 655
19340 655
19452 664
19564 664
19684 668
19796 670
19908 671
20020 671
20132 671
20244 671
20356 671
20468 671
20580 671
20692 671
20812 671
20924 668
21036 668
21148 664
21260 664
21372 655
21484 654
21596 639
21708 639
21828 639
21940 636
22052 632
22164 624
22276 615
22388 609
22500 608
22612 600
22724 591
22844 583
22956 575
23068 568
23180 560
23292 551
23404 543
23516 536
23628 524
23744 513
23860 504
23972 496
24084 483
24196 476
24308 463
24420 451
24536 448
24648 433
24760 423
24876 414
24988 399
25100 391
25216 384
25328 368
25440 355
25552 348
25664 335
25776 319
25892 312
26008 304
26120 287
26232 280
26344 270
26456 255
26568 248
26680 240
26792 227
26912 220
27024 207
27136 199
27248 192
27360 179
27472 167
27584 159
27696 152
27808 143
27928 135
28040 127
28152 120
28264 113
28376 103
28488 99
28600 96
28712 92
28824 83
28944 79
29056 71
29168 71
29284 63
29396 63
29508 60
29620 56
29736 56
29848 51
29960 49
30072 48
30184 48
30300 46
30416 46
30528 39
30640 46
30752 48
30864 48
30976 48
31088 51
31200 56
31320 56
31432 60
31544 62
31656 63
31768 63
31880 71
31992 78
32104 79
32216 88
32336 96
32448 99
32560 103
32672 112
32784 120
32896 127
33008 127
33120 143
33232 152
33352 159
33464 167
33576 176
33688 188
33800 195
33912 207
34024 216
34136 224
34252 231
34368 248
34480 255
34592 255
34704 280
34816 287
34932 295
35044 312
35156 319
35268 327
35384 344
35496 352
35612 368
35724 384
35836 385
35948 399
36060 408
36172 415
36284 432
36404 440
36516 449
36628 462
36740 472
36852 480
36964 487
37076 504
37188 510
37300 519
37420 527
37532 540
37644 543
37756 556
37868 568
37980 572
38092 575
38204 588
38316 591
38436 604
38548 608
38660 615
38772 624
38884 625
38996 632
39108 638
39220 639
39332 639
39452 652
39564 655
39676 655
39788 664
39900 664
40012 668
40128 670
40240 671
40352 671
40468 671
40580 671
40692 671
40808 671
40920 671
41032 671
41144 671
41256 670
41368 668
41484 664
41600 664
41712 655
41824 655
41936 639
42048 639
42160 639
42272 636
42384 632
42496 624
42616 620
42728 611
42840 608
42952 600
43064 591
43176 583
43288 575
43400 568
43512 560
43632 551
43744 543
43856 536
43968 526
44080 515
44192 508
44304 496
44416 487
44528 480
44648 463
44760 455
44872 448
44984 433
45096 423
45208 415
45320 403
45436 391
45548 384
45664 369
45776 359
45888 352
46000 335
46116 319
46228 316
46340 304
46452 287
46564 284
46680 271
46796 255
46908 252
47020 240
47132 227
47244 220
47356 207
47468 199
47580 192
47700 184
47812 174
47924 159
48036 156
48148 143
48260 135
48372 127
48484 124
48596 115
48716 110
48828 103
48940 96
49052 92
49164 88
49276 79
49388 71
49500 71
49612 63
49732 63
49844 60
49956 56
50068 56
50180 51
50292 49
50404 48
50516 48
50632 48
50748 44
50860 39
50972 46
51084 48
51196 48
51312 48
51424 49
51536 56
51648 56
51764 60
51876 62
51992 63
52104 63
52216 71
52328 78
52440 79
52552 88
52664 96
52784 97
52896 103
53008 112
53120 120
53232 127
53344 127
53456 142
53568 152
53680 159
53800 167
53912 176
54024 184
54136 193
54248 199
54360 216
54472 224
54584 231
54696 243
54816 255
54928 255
55040 275
55152 287
55264 295
55376 307
55488 319
55600 327
55712 344
55832 352
55944 364
56056 376
56168 384
56280 398
56392 408
56508 415
56620 428
56732 440
56848 448
56960 455
57072 472
57188 480
57300 487
57412 499
57524 510
57636 519
57748 527
57864 540
57976 543
58088 556
58200 568
58316 572
58428 575
58540 588
58656 593
58768 604
58880 608
58996 615
59108 624
59220 625
59332 632
59444 638
59556 639
59672 639
59788 652
59900 655
60012 655
60124 664
60236 664
60348 668
60460 671
60572 671
60692 671
60804 671
60916 671
61028 675
61140 671
61252 671
61364 671
61476 671
61588 671
61708 668
61820 664
61932 664
62044 655
62156 655
62268 647
62380 639
62492 639
62604 638
62724 632
62836 625
62948 620
63060 615
63172 608
63284 600
63396 591
63512 583
63624 575
63740 572
63852 560
63964 551
64076 543
64192 536
64304 527
64416 515
64528 508
64640 496
64756 487
64872 480
64984 465
65096 455
65208 448
65320 440
65432 423
65544 415
65656 408
65776 391
65888 384
66000 376
66112 359
66224 352
66336 335
66448 327
66560 316
66672 304
66792 291
66904 284
67016 271
67128 255
67240 252
67352 241
67464 231
67576 224
67688 211
67808 199
67920 192
68032 184
68144 176
68256 163
68368 156
68480 147
68592 135
68708 127
68824 124
68936 115
69048 112
69160 103
69272 96
69388 92
69500 88
69612 79
69724 71
69840 71
69952 63
70068 63
70180 60
70292 56
70404 56
70516 56
70628 49
70740 48
70852 48
70968 48
71080 46
71192 39
71304 46
71416 48
71528 48
71640 48
71752 49
71864 56
71984 56
72096 60
72208 62
72320 63
72432 63
72544 71
72656 78
72768 79
72880 88
73000 94
73112 97
73224 103
73336 112
73448 120
73560 126
73672 127
73788 142
73900 147
74016 158
74128 163
74240 176
74352 184
74468 192
74580 199
74692 216
74804 224
74916 231
75032 243
75148 255
75260 255
75372 271
75484 286
75596 295
75708 305
75820 318
75932 327
76052 344
76164 352
76276 359
76388 376
76500 384
76612 391
76724 408
76836 415
76948 428
77068 440
77180 448
77292 455
77404 472
77516 480
77628 487
77740 497
77852 508
77964 515
78084 527
78196 536
78308 543
78420 551
78532 561
78644 572
78756 575
78868 583
78984 591
79100 600
79212 608
79324 611
79436 624
79548 625
79664 632
79776 638
79888 639
80000 639
80116 647
80228 655
80344 655
80456 664
80568 664
80680 668
80792 670
80904 671
81016 671
81136 671
81248 671
81360 675
81472 671
81584 671
81696 671
81808 671
81920 671
82032 668
82152 665
82264 664
82376 655
82488 655
82600 652
82712 639
82824 639
82936 638
83048 632
83168 625
83280 624
83392 615
83504 608
83616 600
83728 591
83840 583
83952 575
84064 572
84184 561
84296 556
84408 543
84520 536
84632 527
84744 519
84860 510
84972 504
85084 487
85200 480
85312 472
85424 455
85540 448
85652 440
85764 430
85876 415
85988 408
86100 396
86212 384
86328 376
86440 359
86552 352
86664 344
86780 327
86892 318
87004 305
87116 295
87236 284
87348 271
87460 255
87572 254
87684 241
87796 231
87908 224
88020 216
88136 199
88252 192
88364 184
88476 176
88588 163
88700 158
88816 152
88928 142
89040 127
89152 126
89268 120
89380 112
89496 103
89608 97
89720 92
89832 88
89944 79
90056 78
90168 71
90280 63
90400 63
90512 62
90624 56
90736 56
90848 56
90960 49
91072 48
91184 48
91296 48
91416 46
91528 39
91640 46
91752 48
91864 48
91976 48
92088 49
92200 51
92312 56
92432 56
92544 62
92656 63
92768 63
92880 71
92992 71
93104 79
93216 88
93332 92
93448 96
93560 103
93672 112
93784 120
93896 124
94012 127
94124 135
94236 145
94348 156
94464 163
94576 176
94692 184
94804 192
94916 199
95028 209
95140 224
95252 231
95364 240
95484 254
95596 255
95708 271
95820 284
95932 291
96044 304
96156 316
96268 319
96380 335
96500 352
96612 359
96724 371
96836 384
96948 391
97060 408
97172 415
97284 423
97396 433
97516 448
97628 455
97740 463
97852 480
97964 487
98076 496
98188 508
98300 513
98412 526
98532 536
98644 543
98756 551
98868 560
98980 568
99092 575
99208 583
99320 591
99432 600
99548 608
99660 611
99772 615
99888 624
100000 632
100112 636
100224 639
100336 639
100448 639
100564 654
100680 655
100792 664
100904 664
101016 668
101128 670
101240 671
101352 671
101464 671
101584 671
101696 671
101808 671
101920 671
102032 671
102144 671
102256 670
102368 668
102480 664
102600 664
102712 655
102824 655
102936 652
103048 639
103160 639
103272 638
103384 632
103496 632
103616 624
103728 615
103840 608
103952 604
104064 591
104176 588
104288 575
104404 572
104516 568
104632 556
104744 543
104856 540
104968 527
105084 519
105196 510
105308 504
105420 487
105532 480
105648 472
105764 455
105876 448
105988 440
106100 430
106212 415
106324 408
106436 398
106548 385
106660 384
106776 359
106888 352
107000 344
107112 327
107224 319
107336 312
107448 295
107560 287
107672 275
107792 255
107904 255
108016 248
108128 231
108240 224
108352 216
108464 206
108576 193
108692 188
108808 176
108920 167
109032 159
109144 152
109256 143
109368 127
109484 127
109596 120
109708 112
109824 103
109936 97
110048 96
110164 88
110276 79
110388 78
110500 71
110612 63
110724 63
110840 62
110956 60
111068 56
111180 56
111292 51
111404 48
111516 48
111628 48
111740 46
111860 39
111972 44
112084 48
112196 48
112308 48
112420 49
112532 51
112644 56
112756 56
112876 60
112988 63
113100 63
113212 71
113324 71
113436 79
113548 88
113660 92
113772 96
113892 103
114004 110
114116 115
114228 124
114340 127
114452 135
114564 143
114676 156
114792 159
114908 172
115020 184
115132 192
115244 199
115356 207
115472 220
115584 227
115704 240
115816 252
115928 255
116040 271
116152 284
116268 287
116380 304
116496 316
116608 319
116720 335
116832 352
116944 359
117056 369
117168 384
117280 391
117392 399
117512 415
117624 423
117736 433
117848 448
117960 455
118072 463
118184 480
118296 483
118412 496
118528 508
118640 513
118752 526
118864 536
118976 543
119088 551
119204 560
119316 568
119428 575
119544 583
119656 591
119768 600
119884 608
119996 611
120108 615
120220 624
120332 632
120444 636
120560 639
120676 639
120788 639
120900 654
121012 655
121124 664
121236 664
121348 668
121460 668
121580 671
121692 671
121804 671
121916 671
122028 671
122140 671
122252 671
122364 671
122476 671
122596 670
122708 668
122820 664
122932 664
123044 664
123156 655
123268 652
123380 639
123492 639
123612 639
123724 632
123836 632
123948 624
124060 615
124172 608
124284 604
124400 595
124512 588
124628 575
124740 574
124852 568
124964 556
125080 543
125192 540
125304 527
125416 519
125528 511
125644 504
125760 487
125872 480
125984 472
126096 460
126208 449
126320 440
126432 432
126544 415
126664 408
126776 398
126888 385
127000 384
127112 364
127224 352
127336 344
127448 327
127560 319
127680 312
127792 295
127904 287
128016 280
128128 255
128240 255
128352 248
128464 231
128576 224
128696 216
128808 206
128920 193
129032 188
129144 176
129256 167
129368 159
129480 152
129596 143
129712 127
129824 127
129936 120
130048 112
130160 103
130276 99
130388 96
130500 88
130612 79
130728 78
130840 71
130956 63
131068 63
131180 62
131292 60
131404 56
131516 56
131628 49
131740 48
131856 48
131968 48
132080 46
132192 46
132304 44
132416 48
132528 48
132640 48
132752 49
132872 51
132984 56
133096 56
133208 60
133320 63
133432 63
133544 71
133656 71
133772 79
133888 88
134000 92
134112 96
134224 103
134336 108
134448 113
134560 124
134676 127
134788 135
134904 143
135016 156
135128 159
135240 167
135352 184
135468 192
135580 199
135692 207
135804 220
135920 227
136032 240
136148 248
136260 255
136372 271
136484 280
136596 287
136708 304
136820 312
136940 319
137052 335
137164 348
137276 355
137388 368
137500 384
137612 391
137724 399
137836 412
137956 423
138068 432
138180 448
138292 451
138404 463
138516 476
138628 483
138740 496
138852 504
138972 512
139084 524
139196 536
139308 542
139420 551
139532 560
139644 568
139756 575
139868 575
139988 591
140100 600
140212 608
140324 609
140436 615
140548 624
140664 632
140776 636
140888 639
141004 639
141116 639
141228 654
141344 655
141456 664
141568 664
141680 664
141792 668
141904 670
142020 671
142136 671
142248 671
142360 671
142472 671
142584 671
142696 671
142808 671
142920 670
143040 668
143152 668
143264 664
143376 655
143488 655
143600 654
143712 639
143824 639
143936 639
144056 636
144168 632
144280 624
144392 615
144504 609
144616 608
144728 600
144844 591
144956 575
145068 575
145180 568
145292 560
145408 547
145520 542
145636 531
145748 519
145860 512
145972 504
146084 496
146196 481
146308 472
146428 463
146540 451
146652 448
146764 432
146876 419
146988 412
147100 399
147212 387
147324 384
147444 368
147556 355
147668 344
147780 335
147892 319
148004 312
148116 302
148228 287
148340 280
148460 255
148572 255
148684 248
148796 240
148908 225
149020 216
149132 207
149244 195
149356 192
149476 177
149588 167
149700 159
149812 152
149924 143
150036 135
150152 127
150264 120
150376 112
150492 103
150604 99
150716 96
150832 88
150944 83
151056 79
151168 71
151280 67
151392 63
151508 63
151624 60
151736 56
151848 56
151960 49
152072 49
152184 48
152296 48
152408 46
152528 44
152640 46
152752 46
152864 48
152976 48
153088 48
153200 51
153312 56
153424 56
153536 60
153656 63
153768 63
153880 67
153992 71
154104 79
154216 81
154328 88
154440 96
154552 99
154672 103
154784 113
154896 120
155008 127
155120 135
155232 143
155348 152
155460 159
155572 167
155688 177
155800 192
155912 195
156028 207
156140 220
156252 225
156364 240
156476 248
156588 255
156704 255
156820 280
156932 287
157044 302
157156 312
157268 319
157380 335
157492 344
157604 355
157724 368
157836 384
157948 387
158060 399
158172 412
158284 419
158396 432
158508 448
158620 451
158740 463
158852 472
158964 483
159076 496
159188 504
159300 512
159412 519
159524 529
159636 540
159756 547
159868 560
159980 568
160092 575
160204 575
160316 591
160428 600
160540 608
160656 609
160772 615
160884 624
160996 632
161108 636
161220 639
161336 639
161448 639
161560 654
161672 655
161788 664
161900 664
162016 668
162128 668
162240 671
162352 671
162464 671
162576 671
162688 671
162808 675
162920 671
163032 671
163144 671
163256 671
163368 670
163480 668
163592 664
163704 664
163824 655
163936 655
164048 639
164160 639
164272 639
164384 636
164496 632
164608 624
164720 615
164840 611
164952 608
165064 600
165176 591
165288 583
165400 575
165512 568
165624 560
165736 551
165856 542
165968 536
166080 519
166192 512
166304 504
166416 496
166532 483
166644 476
166756 463
166872 451
166984 448
167096 432
167212 423
167324 414
167436 399
167548 391
167660 384
167772 368
167888 355
168004 348
168116 335
168228 319
168340 312
168452 304
168564 287
168676 280
168788 271
168900 255
169020 248
169132 240
169244 227
169356 220
169468 207
169580 199
169692 192
169804 184
169916 167
170036 159
170148 152
170260 143
170372 135
170484 127
170596 124
170708 113
170820 103
170932 99
171052 96
171164 92
171276 83
171388 79
171500 71
171612 67
171728 63
171840 63
171952 60
172068 56
172180 56
172292 51
172408 49
172520 48
172632 48
172744 48
172856 44
172968 44
173084 46
173200 48
173312 48
173424 48
173540 51
173652 56
173764 56
173876 60
173988 63
174104 63
174216 71
174328 71
174444 79
174556 88
174668 92
174784 96
174896 99
175008 108
175120 115
175232 124
175344 127
175460 135
175576 143
175688 156
175800 159
175912 167
176024 184
176136 192
176248 199
176360 207
176480 220
176592 227
176704 240
176816 248
176928 255
177040 271
177152 280
177264 287
177376 304
177496 312
177608 319
177720 335
177832 348
177944 355
178056 368
178168 384
178280 391
178392 399
178512 414
178624 423
178736 432
178848 448
178960 451
179072 463
179184 476
179300 483
179412 496
179528 504
179640 512
179752 519
179864 531
179980 542
180092 547
180204 560
180316 568
180428 575
180540 575
180656 591
180768 600
180880 608
180992 609
181104 615
181216 624
181328 632
181440 636
181552 639
181672 639
181784 639
181896 652
182008 655
182120 655
182232 664
182344 664
182460 668
182572 671
182688 671
182800 671
182912 671
183024 671
183140 671
183252 671
183364 671
183476 671
183588 671
183704 668
183820 668
183932 664
184044 664
184156 655
184268 654
184380 639
184492 639
184604 639
184724 636
184836 632
184948 624
185060 615
185172 609
185284 608
185396 600
185508 591
185620 575
185740 575
185852 568
185964 560
186076 547
186188 540
186300 529
186412 519
186524 512
186636 504
186756 494
186868 481
186980 472
187092 463
187204 451
187316 448
187428 432
187540 419
187656 412
187772 399
187884 387
187996 384
188108 368
188220 353
188336 344
188448 334
188560 319
188672 312
188788 295
188900 287
189016 280
189128 255
189240 255
189352 248
189464 240
189576 225
189688 216
189808 207
189920 195
190032 192
190144 177
190256 167
190368 159
190480 152
190592 143
190704 135
190824 127
190936 120
191048 112
191160 103
191272 99
191384 96
191496 88
191608 81
191720 79
191840 71
191952 67
192064 63
192176 62
192288 60
192400 56
192512 56
192624 51
192736 48
192856 48
192968 48
193080 46
193192 46
193304 46
193416 46
193532 48
193644 48
193756 49
193872 51
193984 56
194096 56
194212 60
194324 63
194436 63
194548 67
194660 71
194772 79
194888 83
195004 92
195116 96
195228 99
195340 103
195452 113
195564 120
195676 127
195788 135
195900 143
196016 152
196128 159
196240 167
196352 177
196464 192
196576 195
196688 207
196800 216
196912 225
197032 240
197144 248
197256 255
197368 255
197480 280
197592 287
197704 295
197816 312
197932 319
198048 334
198160 344
198272 353
198384 368
198496 384
198612 387
198724 399
198836 412
198948 415
199064 432
199176 448
199292 451
199404 462
199516 472
199628 481
199740 494
199852 504
199964 511
200084 519
200196 527
200308 540
200420 547
200532 558
200644 568
200756 574
200868 575
200980 590
201100 600
201212 604
201324 608
201436 615
201548 624
201660 632
201772 632
201884 639
201996 639
202116 639
202228 652
202340 655
202448 655
202560 664
202680 664
202792 668
202904 670
203016 671
203128 671
203240 671
203356 671
203468 671
203580 671
203696 671
203808 671
203920 671
204036 670
204148 668
204260 664
204372 664
204484 655
204596 654
204712 639
204828 639
204940 639
205052 636
205164 632
205276 624
205388 615
205500 611
205612 608
205732 600
205844 591
205956 583
206068 575
206180 568
206292 560
206404 551
206516 543
206628 536
206748 524
206860 513
206972 504
207084 496
207196 483
207308 476
207420 463
207532 455
207644 448
207764 432
207876 423
207988 414
208100 399
208212 391
208324 384
208436 368
208552 359
208664 348
208780 335
208892 319
209004 312
209116 304
209232 287
209344 280
209456 271
209568 255
209680 252
209796 240
209912 227
210024 220
210136 207
210248 199
210360 192
210472 184
210584 167
210696 159
210816 152
210928 143
211040 135
211152 127
211264 124
211376 113
211488 110
211600 99
211712 96
211832 92
211944 88
212056 79
212168 71
212280 67
212392 63
212504 63
212616 60
212728 56
212848 56
212960 51
213072 48
213184 48
213296 48
213408 46
213520 46
213632 39
213748 46
213864 48
213976 48
214088 48
214200 49
214312 56
214428 56
214540 60
214652 62
214764 63
214880 63
214992 71
215108 78
215220 81
215332 88
215444 96
215556 99
215668 103
215780 112
215892 120
216012 127
216124 127
216236 143
216348 152
216460 159
216572 167
216684 176
216796 188
216908 193
217028 207
217140 216
217252 224
217364 231
217476 248
217588 255
217700 255
217812 280
217924 287
218044 295
218156 312
218268 319
218380 327
218492 344
218604 352
218716 366
218828 384
218944 385
219060 399
219172 408
219284 415
219396 432
219508 440
219624 449
219736 460
219848 472
219960 480
220076 487
220188 504
220304 511
220416 519
220528 527
220640 540
220752 543
220864 556
220976 568
221096 574
221208 575
221320 588
221432 591
221544 601
221656 608
221768 615
221880 624
221992 625
222112 632
222224 639
222336 639
222448 639
222560 652
222672 655
222784 655
222896 664
223008 664
223128 668
223240 670
223352 671
223464 671
223576 671
223688 671
223800 671
223912 671
224024 671
224144 671
224256 671
224368 670
224480 668
224592 664
224704 664
224820 655
224932 655
225044 639
225160 639
225272 639
225384 636
225500 632
225612 624
225724 620
225836 611
225948 608
226060 600
226176 591
226292 583
226404 575
226516 568
226628 560
226740 551
226852 543
226964 536
227076 526
227196 515
227308 508
227420 496
227532 487
227644 480
227756 463
227868 455
227980 448
228092 435
228212 423
228324 415
228436 399
228548 391
228660 384
228772 369
228884 359
228996 352
229108 335
229228 319
229340 316
229452 304
229564 287
229676 284
229788 271
229900 255
230016 252
230128 240
230244 227
230356 224
230468 207
230580 199
230692 192
230808 184
230920 174
231032 159
231144 156
231260 143
