24 15
136 15
256 15
368 15
480 15
592 15
704 15
816 15
928 15
1040 15
1152 15
1264 15
1380 15
1492 15
1604 15
1716 15
1828 15
1940 15
2052 15
2164 15
2276 15
2396 15
2508 15
2620 15
2732 15
2844 15
2956 15
3068 15
3180 15
3296 15
3412 15
3524 15
3636 15
3748 15
3860 15
3976 15
4088 15
4200 15
4312 15
4428 15
4540 15
4656 15
4768 15
4880 15
4992 15
5104 15
5216 15
5328 15
5448 15
5560 15
5672 15
5784 15
5896 15
6008 15
6120 15
6232 15
6344 15
6464 15
6576 15
6688 15
6800 15
6912 15
7024 15
7136 15
7248 15
7360 15
7480 15
7592 15
7704 15
7816 15
7928 15
8040 15
8152 15
8264 15
8376 15
8496 15
8608 15
8720 15
8832 15
8944 15
9056 15
9172 15
9284 15
9396 15
9512 15
9624 15
9736 15
9852 15
9964 15
10076 15
10188 679
10300 679
10412 679
10528 679
10644 679
10756 679
10868 679
10980 679
11092 679
11204 679
11316 679
11428 679
11548 679
11660 679
11772 679
11884 679
11996 679
12108 679
12220 679
12332 679
12444 679
12564 679
12676 679
12788 679
12900 679
13012 679
13124 679
13236 679
13348 679
13460 679
13580 679
13692 679
13804 679
13916 679
14028 679
14140 679
14252 679
14368 679
14480 679
14596 679
14708 679
14820 679
14932 679
15048 679
15160 679
15272 679
15384 679
15496 679
15612 679
15724 679
15840 679
15952 679
16064 679
16176 679
16288 679
16400 679
16512 679
16624 679
16740 679
16852 679
16964 679
17076 679
17188 679
17300 679
17412 679
17524 679
17636 679
17756 679
17868 679
17980 679
18092 679
18204 679
18316 679
18428 679
18540 679
18652 679
18772 679
18884 679
18996 679
19108 679
19220 679
19332 679
19444 679
19560 679
19672 679
19788 679
19900 679
20012 679
20124 679
20240 679
20352 15
20464 15
20576 15
20688 15
20804 15
20920 15
21032 15
21144 15
21256 15
21368 15
21480 15
21592 15
21704 15
21824 15
21936 15
22048 15
22160 15
22272 15
22384 15
22496 15
22608 15
22720 15
22840 15
22952 15
23064 15
23176 15
23288 15
23400 15
23512 15
23624 15
23736 15
23856 15
23968 15
24080 15
24192 15
24304 15
24416 15
24528 15
24640 15
24756 15
24872 15
24984 15
25096 15
25208 15
25320 15
25436 15
25548 15
25660 15
25772 15
25888 15
26000 15
26116 15
26228 15
26340 15
26452 15
26564 15
26676 15
26788 15
26908 15
27020 15
27132 15
27244 15
27356 15
27468 15
27580 15
27692 15
27804 15
27924 15
28036 15
28148 15
28260 15
28372 15
28484 15
28596 15
28708 15
28820 15
28936 15
29048 15
29164 15
29276 15
29388 15
29500 15
29612 15
29724 15
29836 15
29956 15
30068 15
30180 15
30292 15
30404 15
30516 679
30628 679
30740 679
30852 679
30972 679
31084 679
31196 679
31308 679
31420 679
31532 679
31644 679
31756 679
31868 679
31988 679
32100 679
32212 679
32324 679
32436 679
32548 679
32660 679
32772 679
32884 679
33004 679
33116 679
33228 679
33340 679
33452 679
33564 679
33680 679
33792 679
33904 679
34016 679
34132 679
34244 679
34360 679
34472 679
34584 679
34696 679
34808 679
34920 679
35032 679
35152 679
35264 679
35376 679
35488 679
35600 679
35712 679
35824 679
35936 679
36048 679
36168 679
36280 679
36392 679
36504 679
36616 679
36728 679
36840 679
36952 679
37064 679
37184 679
37296 679
37408 679
37520 679
37632 679
37744 679
37856 679
37968 679
38080 679
38200 679
38312 679
38424 679
38536 679
38648 679
38760 679
38876 679
38988 679
39100 679
39216 679
39328 679
39440 679
39556 679
39668 679
39780 679
39892 679
40004 679
40116 679
40232 679
40348 679
40460 679
40572 679
40684 675
40796 15
40908 15
41020 15
41132 15
41252 15
41364 15
41476 15
41588 15
41700 15
41812 15
41924 15
42036 15
42148 15
42268 15
42380 15
42492 15
42604 15
42716 15
42828 15
42940 15
43052 15
43164 15
43284 15
43396 15
43508 15
43620 15
43732 15
43844 15
43956 15
44072 15
44184 15
44300 15
44412 15
44524 15
44636 15
44752 15
44864 15
44976 15
45088 15
45200 15
45316 15
45432 15
45544 15
45656 15
45768 15
45880 15
45992 15
46104 15
46216 15
46336 15
46448 15
46560 15
46672 15
46784 15
46896 15
47008 15
47120 15
47232 15
47352 15
47464 15
47576 15
47688 15
47800 15
47912 15
48024 15
48136 15
48248 15
48368 15
48480 15
48592 15
48704 15
48816 15
48928 15
49040 15
49152 15
49268 15
49380 15
49496 15
49608 15
49720 15
49832 15
49948 15
50060 15
50172 15
50284 15
50396 15
50512 15
50624 15
50736 15
50848 679
50960 679
51072 679
51184 679
51296 679
51408 679
51528 679
51640 679
51752 679
51864 679
51976 679
52088 679
52200 679
52312 679
52428 679
52544 679
52656 679
52768 679
52880 679
52992 679
53108 679
53220 679
53332 679
53444 679
53560 679
53672 679
53788 679
53900 679
54012 679
54124 679
54236 679
54348 679
54460 679
54580 679
54692 679
54804 679
54916 679
55028 679
55140 679
55252 679
55364 679
55476 679
55596 679
55708 679
55820 679
55932 679
56044 679
56156 679
56268 679
56380 679
56492 679
56612 679
56724 679
56836 679
56948 679
57060 679
57172 679
57284 679
57396 679
57508 679
57628 679
57740 679
57848 679
57964 679
58076 679
58188 679
58304 679
58416 679
58528 679
58644 679
58756 679
58868 679
58980 679
59092 679
59204 679
59320 679
59436 679
59548 679
59660 679
59772 679
59884 679
59996 679
60108 679
60220 679
60340 679
60452 679
60564 679
60676 679
60788 679
60900 679
61012 679
61124 15
61236 15
61356 15
61468 15
61580 15
61692 15
61804 15
61916 15
62028 15
62140 15
62252 15
62372 15
62484 15
62596 15
62708 15
62820 15
62932 15
63044 15
63160 15
63272 15
63388 15
63500 15
63612 15
63724 15
63840 15
63952 15
64064 15
64176 15
64288 15
64404 15
64520 15
64632 15
64744 15
64856 15
64968 15
65080 15
65192 15
65304 15
65424 15
65536 15
65648 15
65760 15
65872 15
65984 15
66096 15
66208 15
66320 15
66440 15
66552 15
66664 15
66776 15
66888 15
67000 15
67112 15
67224 15
67336 15
67456 15
67568 15
67680 15
67792 15
67904 15
68016 15
68128 15
68240 15
68356 15
68472 15
68584 15
68696 15
68808 15
68920 15
69036 15
69148 15
69260 15
69372 15
69488 15
69600 15
69716 15
69828 15
69940 15
70052 15
70164 15
70276 15
70388 15
70508 15
70620 15
70732 15
70844 15
70956 15
71068 15
71180 15
71292 679
71404 679
71516 679
71636 679
71748 679
71860 679
71972 679
72084 679
72196 679
72308 679
72420 679
72532 679
72652 679
72764 679
72876 679
72988 679
73100 679
73212 679
73324 679
73436 679
73552 679
73668 679
73780 679
73892 679
74004 679
74116 679
74232 679
74344 679
74456 679
74568 679
74684 679
74796 679
74912 679
75024 679
75136 679
75248 679
75360 679
75472 679
75584 679
75704 679
75816 679
75928 679
76040 679
76152 679
76264 679
76376 679
76488 679
76600 679
76720 679
76832 679
76944 679
77056 679
77168 679
77280 679
77392 679
77504 679
77616 679
77736 679
77848 679
77960 679
78072 679
78184 679
78296 679
78408 679
78520 679
78632 679
78752 679
78864 679
78976 679
79088 679
79200 679
79312 679
79428 679
79540 679
79652 679
79768 679
79880 679
79992 679
80108 679
80220 679
80332 679
80444 679
80556 679
80668 679
80784 679
80900 679
81012 679
81124 679
81236 679
81348 679
81460 15
81572 15
81684 15
81804 15
81916 15
82028 15
82140 15
82252 15
82364 15
82476 15
82588 15
82700 15
82820 15
82932 15
83044 15
83156 15
83268 15
83380 15
83492 15
83604 15
83716 15
83836 15
83948 15
84060 15
84172 15
84284 15
84396 15
84508 15
84624 15
84736 15
84852 15
84964 15
85076 15
85188 15
85304 15
85416 15
85528 15
85640 15
85752 15
85868 15
85984 15
86096 15
86208 15
86320 15
86432 15
86544 15
86656 15
86772 15
86884 15
86996 15
87108 15
87220 15
87332 15
87444 15
87556 15
87676 15
87788 15
87900 15
88012 15
88124 15
88236 15
88348 15
88464 15
88576 15
88692 15
88804 15
88916 15
89028 15
89144 15
89256 15
89368 15
89480 15
89592 15
89704 15
89820 15
89932 15
90044 15
90156 15
90268 15
90380 15
90492 15
90604 15
90716 15
90836 15
90948 15
91060 15
91172 15
91284 15
91396 15
91508 15
91624 679
91736 679
91852 679
91964 679
92076 679
92188 679
92304 679
92416 679
92528 679
92640 679
92752 679
92868 679
92984 679
93096 679
93208 679
93320 679
93432 679
93544 679
93656 679
93768 679
93888 679
94000 679
94112 679
94224 679
94336 679
94448 679
94560 679
94672 679
94784 679
94904 679
95016 679
95128 679
95240 679
95352 679
95464 679
95576 679
95688 679
95800 679
95920 679
96032 679
96144 679
96256 679
96368 679
96480 679
96592 679
96704 679
96820 679
96936 679
97048 679
97160 679
97272 679
97384 679
97500 679
97612 679
97724 679
97836 679
97952 679
98064 679
98180 679
98292 679
98404 679
98516 679
98628 679
98740 679
98852 679
98972 679
99084 679
99196 679
99308 679
99420 679
99532 679
99644 679
99756 679
99868 679
99988 679
100100 679
100212 679
100324 679
100436 679
100548 679
100660 679
100772 679
100884 679
101004 679
101116 679
101228 679
101340 679
101452 679
101564 679
101676 679
101788 15
101900 15
102020 15
102132 15
102244 15
102356 15
102468 15
102580 15
102696 15
102808 15
102920 15
103036 15
103148 15
103260 15
103376 15
103488 15
103600 15
103712 15
103824 15
103936 15
104052 15
104168 15
104280 15
104392 15
104504 15
104616 15
104728 15
104840 15
104952 15
105064 15
105180 15
105292 15
105404 15
105516 15
105628 15
105740 15
105852 15
105964 15
106076 15
106196 15
106308 15
106420 15
106532 15
106644 15
106756 15
106868 15
106980 15
107096 15
107212 15
107324 15
107436 15
107548 15
107660 15
107776 15
107888 15
108000 15
108112 15
108228 15
108340 15
108456 15
108568 15
108680 15
108792 15
108904 15
109016 15
109128 15
109248 15
109360 15
109472 15
109584 15
109696 15
109808 15
109920 15
110032 15
110144 15
110264 15
110376 15
110488 15
110600 15
110712 15
110824 15
110936 15
111048 15
111160 15
111280 15
111392 15
111504 15
111616 15
111728 15
111840 15
111952 679
112064 679
112176 679
112296 679
112408 679
112520 679
112632 679
112744 679
112856 679
112968 679
113084 679
113196 679
113312 679
113424 679
113536 679
113648 679
113764 679
113876 679
113988 679
114100 679
114212 679
114328 679
114444 679
114556 679
114668 679
114780 679
114892 679
115004 679
115116 679
115228 679
115348 679
115460 679
115572 679
115692 679
115808 679
115924 679
116036 679
116148 679
116260 679
116372 679
116484 679
116596 679
116708 679
116828 679
116940 679
117052 679
117164 679
117276 679
117388 679
117500 679
117612 679
117724 679
117844 679
117956 679
118068 679
118180 679
118292 679
118404 679
118516 679
118628 679
118740 679
118860 679
118972 679
119084 679
119196 679
119308 679
119420 679
119532 679
119648 679
119760 679
119876 679
119988 679
120100 679
120212 679
120328 679
120440 679
120552 679
120664 679
120776 679
120892 679
121008 679
121120 679
121232 679
121344 679
121456 679
121568 679
121680 679
121792 679
121912 679
122024 679
122136 15
122248 15
122360 15
122472 15
122584 15
122696 15
122808 15
122928 15
123040 15
123152 15
123264 15
123376 15
123488 15
123600 15
123712 15
123824 15
123944 15
124056 15
124168 15
124280 15
124392 15
124504 15
124616 15
124728 15
124844 15
124956 15
125072 15
125184 15
125296 15
125408 15
125524 15
125636 15
125748 15
125860 15
125972 15
126088 15
126200 15
126312 15
126424 15
126536 15
126648 15
126760 15
126872 15
126984 15
127104 15
127216 15
127328 15
127440 15
127552 15
127664 15
127776 15
127888 15
128004 15
128120 15
128232 15
128344 15
128456 15
128568 15
128684 15
128796 15
128908 15
129020 15
129136 15
129248 15
129364 15
129476 15
129588 15
129700 15
129812 15
129924 15
130036 15
130156 15
130268 15
130380 15
130492 15
130604 15
130716 15
130828 15
130940 15
131052 15
131172 15
131284 15
131396 15
131508 15
131620 15
131732 15
131844 15
131956 15
132068 15
132188 15
132300 679
132412 679
132524 679
132636 679
132748 679
132860 679
132972 679
133084 679
133204 679
133316 679
133428 679
133540 679
133652 679
133764 679
133880 679
133992 679
134104 679
134220 679
134332 679
134444 679
134560 679
134672 679
134784 679
134896 679
135008 679
135120 679
135236 679
135352 679
135464 679
135576 679
135688 679
135800 679
135912 679
136024 679
136136 679
136256 679
136368 679
136480 679
136592 679
136704 679
136816 679
136928 679
137040 679
137152 679
137272 679
137384 679
137496 679
137608 679
137720 679
137832 679
137944 679
138056 679
138168 679
138288 679
138400 679
138512 679
138624 679
138736 679
138848 679
138960 679
139076 679
139188 679
139304 679
139416 679
139528 679
139640 679
139756 679
139868 679
139980 679
140092 679
140204 679
140320 679
140436 679
140548 679
140660 679
140772 679
140884 679
140996 679
141108 679
141220 679
141332 679
141448 679
141560 679
141672 679
141784 679
141896 679
142008 679
142120 679
142232 679
142344 679
142464 15
142576 15
142688 15
142800 15
142912 15
143024 15
143136 15
143248 15
143364 15
143480 15
143592 15
143704 15
143816 15
143928 15
144040 15
144156 15
144268 15
144380 15
144496 15
144612 15
144724 15
144836 15
144948 15
145064 15
145176 15
145288 15
145400 15
145516 15
145628 15
145744 15
145856 15
145968 15
146080 15
146192 15
146304 15
146416 15
146536 15
146648 15
146760 15
146872 15
146984 15
147096 15
147208 15
147320 15
147432 15
147552 15
147664 15
147776 15
147888 15
148000 15
148112 15
148224 15
148336 15
148448 15
148560 15
148680 15
148792 15
148904 15
149016 15
149128 15
149240 15
149352 15
149464 15
149580 15
149696 15
149808 15
149920 15
150032 15
150144 15
150260 15
150372 15
150484 15
150596 15
150712 15
150824 15
150940 15
151052 15
151164 15
151276 15
151388 15
151500 15
151612 15
151732 15
151844 15
151956 15
152068 15
152180 15
152292 15
152404 15
152516 15
152628 679
152748 679
152860 679
152972 679
153084 679
153196 679
153308 679
153420 679
153532 679
153644 679
153764 679
153876 679
153988 679
154100 679
154212 679
154324 679
154436 679
154548 679
154660 679
154780 679
154892 679
155004 679
155116 679
155228 679
155340 679
155456 679
155568 679
155680 679
155796 679
155908 679
156020 679
156136 679
156248 679
156360 679
156472 679
156584 679
156696 679
156812 679
156928 679
157040 679
157152 679
157264 679
157376 679
157488 679
157600 679
157712 679
157832 679
157944 679
158056 679
158168 679
158280 679
158392 679
158504 679
158616 679
158728 679
158848 679
158960 679
159072 679
159184 679
159296 679
159408 679
159520 679
159632 679
159744 679
159864 679
159976 679
160088 679
160200 679
160312 679
160424 679
160536 679
160652 679
160764 679
160880 679
160992 679
161104 679
161216 679
161332 679
161444 679
161556 679
161668 679
161780 679
161896 679
162012 679
162124 679
162236 679
162348 679
162460 679
162572 679
162684 679
162796 15
162916 15
163028 15
163140 15
163252 15
163364 15
163476 15
163588 15
163700 15
163812 15
163924 15
164044 15
164156 15
164268 15
164380 15
164492 15
164604 15
164716 15
164828 15
164940 15
165060 15
165172 15
165284 15
165396 15
165508 15
165620 15
165732 15
165844 15
165956 15
166076 15
166188 15
166300 15
166412 15
166524 15
166636 15
166748 15
166860 15
166976 15
167092 15
167204 15
167316 15
167428 15
167540 15
167652 15
167768 15
167880 15
167992 15
168108 15
168220 15
168332 15
168448 15
168560 15
168672 15
168784 15
168896 15
169008 15
169124 15
169240 15
169352 15
169464 15
169576 15
169688 15
169800 15
169912 15
170024 15
170144 15
170256 15
170368 15
170480 15
170592 15
170704 15
170816 15
170928 15
171040 15
171160 15
171272 15
171384 15
171496 15
171608 15
171720 15
171832 15
171944 15
172056 15
172176 15
172288 15
172400 15
172512 15
172624 15
172736 15
172848 15
172964 679
173076 679
173192 679
173304 679
173416 679
173532 679
173644 679
173756 679
173868 679
173984 679
174096 679
174208 679
174324 679
174436 679
174548 679
174664 679
174776 679
174888 679
175000 679
175112 679
175224 679
175340 679
175456 679
175568 679
175680 679
175792 679
175904 679
176016 679
176128 679
176240 679
176360 679
176472 679
176584 679
176696 679
176808 679
176920 679
177032 679
177144 679
177256 679
177376 679
177488 679
177600 679
177712 679
177824 679
177936 679
178048 679
178160 679
178272 679
178392 679
178504 679
178616 679
178728 679
178840 679
178952 679
179064 679
179180 679
179292 679
179408 679
179520 679
179632 679
179744 679
179860 679
179972 679
180084 679
180196 679
180308 679
180424 679
180540 679
180652 679
180764 679
180876 679
180988 679
181100 679
181212 679
181324 679
181444 679
181556 679
181668 679
181780 679
181892 679
182004 679
182116 679
182228 679
182340 679
182460 679
182572 679
182684 679
182796 679
182908 679
183020 679
183132 15
183244 15
183356 15
183476 15
183588 15
183700 15
183812 15
183924 15
184036 15
184148 15
184260 15
184376 15
184488 15
184604 15
184716 15
184828 15
184940 15
185056 15
185168 15
185280 15
185392 15
185504 15
185620 15
185732 15
185844 15
185956 15
186068 15
186180 15
186292 15
186404 15
186516 15
186636 15
186748 15
186860 15
186972 15
187084 15
187196 15
187308 15
187420 15
187536 15
187652 15
187764 15
187876 15
187988 15
188100 15
188216 15
188328 15
188440 15
188552 15
188668 15
188780 15
188896 15
189008 15
189120 15
189232 15
189344 15
189456 15
189568 15
189688 15
189800 15
189912 15
190024 15
190136 15
190248 15
190360 15
190472 15
190584 15
190704 15
190816 15
190928 15
191040 15
191152 15
191264 15
191376 15
191488 15
191600 15
191720 15
191832 15
191944 15
192056 15
192168 15
192280 15
192392 15
192504 15
192616 15
192736 15
192848 15
192960 15
193072 15
193184 15
193296 679
193412 679
193524 679
193636 679
193752 679
193864 679
193976 679
194092 679
194204 679
194316 679
194428 679
194540 679
194652 679
194768 679
194884 679
194996 679
195108 679
195220 679
195332 679
195444 679
195556 679
195668 679
195788 679
195900 679
196012 679
196124 679
196236 679
196348 679
196460 679
196572 679
196684 679
196804 679
196916 679
197028 679
197140 679
197252 679
197364 679
197476 679
197588 679
197700 679
197820 679
197932 679
198044 679
198156 679
198268 679
198380 679
198492 679
198604 679
198720 679
198836 679
198948 679
199060 679
199172 679
199284 679
199400 679
199512 679
199624 679
199736 679
199852 679
199964 679
200080 679
200192 679
200304 679
200416 679
200528 679
200640 679
200752 679
200864 679
200980 679
201092 679
201204 679
201316 679
201428 679
201540 679
201652 679
201764 679
201876 679
201996 679
202108 679
202220 679
202332 679
202444 679
202556 679
202668 679
202780 679
202892 679
203008 679
203120 679
203232 679
203344 679
203460 15
203572 15
203688 15
203800 15
203912 15
204024 15
204136 15
204248 15
204360 15
204480 15
204592 15
204704 15
204816 15
204928 15
205040 15
205152 15
205264 15
205376 15
205496 15
205608 15
205720 15
205832 15
205944 15
206056 15
206168 15
206280 15
206392 15
206512 15
206624 15
206736 15
206848 15
206960 15
207072 15
207184 15
207296 15
207408 15
207528 15
207640 15
207752 15
207864 15
207976 15
208088 15
208204 15
208316 15
208428 15
208540 15
208656 15
208768 15
208884 15
208996 15
209108 15
209220 15
209332 15
209444 15
209556 15
209676 15
209788 15
209900 15
210012 15
210124 15
210236 15
210348 15
210460 15
210572 15
210692 15
210804 15
210916 15
211028 15
211140 15
211252 15
211364 15
211476 15
211588 15
211708 15
211820 15
211932 15
212044 15
212156 15
212268 15
212380 15
212492 15
212604 15
212724 15
212836 15
212948 15
213060 15
213172 15
213284 15
213400 15
213512 15
213624 679
213740 679
213852 679
213964 679
214080 679
214192 679
214304 679
214416 679
214528 679
214640 679
214756 679
214872 679
214984 679
215096 679
215208 679
215320 679
215432 679
215544 679
215656 679
215776 679
215888 679
216000 679
216112 679
216224 679
216336 679
216448 679
216560 679
216672 679
216792 679
216904 679
217016 679
217128 679
217240 679
217352 679
217464 679
217576 679
217688 679
217808 679
217920 679
218032 679
218144 679
218256 679
218368 679
218480 679
218596 679
218708 679
218824 679
218936 679
219048 679
219160 679
219276 679
219388 679
219500 679
219612 679
219724 679
219840 679
219956 679
220068 679
220180 679
220292 679
220404 679
220516 679
220628 679
220740 679
220860 679
220972 679
221084 679
221196 679
221308 679
221420 679
221532 679
221644 679
221756 679
221876 679
221988 679
222100 679
222212 679
222324 679
222436 679
222548 679
222660 679
222772 679
222892 679
223004 679
223116 679
223228 679
223340 679
223452 679
223564 679
223676 679
223792 679
223904 15
224020 15
224132 15
224244 15
224356 15
224472 15
224584 15
224696 15
224808 15
224920 15
225036 15
225148 15
225260 15
225372 15
225484 15
225596 15
225708 15
225820 15
225932 15
226052 15
226164 15
226276 15
226388 15
226500 15
226612 15
226724 15
226836 15
226952 15
227068 15
227180 15
227292 15
227404 15
227516 15
227632 15
227744 15
227856 15
227968 15
228084 15
228196 15
228312 15
228424 15
228536 15
228648 15
228760 15
228872 15
228984 15
229104 15
229216 15
229328 15
229440 15
229552 15
229664 15
229776 15
229888 15
230000 15
230120 15
230232 15
230344 15
230456 15
230568 15
230680 15
230792 15
230904 15
231016 15
231136 15
231248 15
