4 415
116 419
232 423
344 432
456 440
568 448
680 451
796 463
912 472
1024 481
1136 492
1248 504
1360 504
1472 510
1584 512
1696 512
1808 511
1924 508
2036 504
2148 496
2260 483
2372 476
2484 463
2596 455
2708 448
2820 440
2940 432
3052 423
3164 419
3276 415
3388 415
3500 419
3612 423
3724 432
3840 440
3956 448
4068 455
4180 472
4292 480
4404 487
4516 496
4632 504
4744 508
4856 511
4972 512
5084 511
5196 510
5312 504
5424 496
5536 487
5648 480
5760 472
5872 460
5988 448
6104 440
6216 432
6328 423
6440 423
6552 415
6664 415
6776 419
6888 423
7008 432
7120 440
7232 448
7344 455
7456 463
7568 476
7680 481
7792 492
7904 504
8024 508
8136 511
8248 511
8360 512
8472 511
8584 508
8696 504
8808 496
8920 483
9040 476
9152 463
9264 455
9376 448
9488 440
9600 432
9712 423
9824 419
9940 415
10056 415
10168 423
10280 423
10392 432
10504 448
10620 449
10732 455
10844 472
10956 480
11072 487
11184 496
11300 504
11412 510
11524 511
11636 512
11748 511
11860 508
11972 504
12092 496
12204 487
12316 480
12428 472
12540 455
12652 448
12764 440
12876 432
12988 423
13108 419
13220 415
13332 415
13444 419
13556 423
13668 432
13780 440
13892 448
14004 455
14124 463
14236 476
14348 483
14460 496
14572 504
14684 508
14796 511
14908 512
15020 512
15140 510
15252 504
15364 497
15476 492
15588 481
15700 476
15816 463
15928 451
16040 448
16156 440
16268 432
16380 423
16496 419
16608 415
16720 415
16832 423
16944 428
17056 432
17168 448
17284 449
17396 462
17508 472
17620 480
17732 487
17844 496
17956 504
18068 510
18180 511
18300 512
18412 511
18524 508
18636 504
18748 496
18860 487
18976 480
19088 472
19200 455
19316 448
19428 440
19540 432
19656 423
19768 419
19880 415
19992 415
20104 419
20216 423
20332 432
20448 440
20560 448
20672 455
20784 463
20896 480
21008 483
21120 496
21232 504
21352 508
21464 511
21576 512
21688 512
21800 510
21912 504
22024 499
22136 492
22248 481
22368 472
22480 463
22592 451
22704 448
22816 440
22928 430
23040 423
23152 415
23264 415
23384 415
23496 423
23608 428
23720 433
23832 448
23944 449
24056 462
24172 472
24284 480
24400 487
24512 496
24624 504
24736 510
24852 511
24964 512
25076 511
25188 508
25300 504
25416 496
25532 487
25644 480
25756 465
25868 455
25980 448
26092 440
26204 432
26316 423
26436 419
26548 415
26660 415
26772 419
26884 423
26996 432
27108 440
27220 448
27332 455
27452 463
27564 480
27676 483
27788 496
27900 504
28012 508
28124 511
28236 512
28348 512
28468 510
28580 504
28692 497
28804 487
