24 771
136 768
248 736
360 719
472 704
584 684
696 668
808 652
928 636
1040 622
1152 608
1264 591
1376 575
1488 563
1600 551
1712 537
1824 526
1944 512
2056 504
2168 487
2280 480
2392 463
2504 455
2620 448
2732 435
2844 423
2960 415
3072 408
3184 398
3300 387
3412 384
3524 369
3636 359
3748 353
3860 348
3976 335
4092 327
4204 319
4316 318
4428 312
4540 304
4652 295
4764 287
4876 284
4996 280
5108 271
5220 255
5332 255
5444 255
5556 252
5668 248
5780 240
5892 231
6004 227
6124 224
6236 224
6348 216
6460 211
6572 207
6684 199
6796 199
6908 193
7020 192
7140 192
7252 184
7364 184
7476 176
7588 176
7700 167
7816 167
7928 163
8040 159
8156 159
8268 156
8380 152
8496 152
8608 145
8720 143
8832 143
8944 135
9056 135
9172 127
9288 127
9400 127
9512 127
9624 127
9736 127
9848 145
9960 163
10072 184
10192 199
10304 220
10416 231
10528 252
10640 255
10752 280
10864 295
10976 312
11088 319
11208 335
11320 352
11432 366
11544 384
11656 387
11768 399
11880 414
11992 423
12104 433
12224 448
12336 455
12448 463
12560 480
12672 487
12784 496
12896 504
13012 513
13124 519
13240 531
13352 540
13464 543
13576 556
13692 561
13804 572
13916 575
14028 583
14140 591
14256 600
14372 608
14484 611
14596 615
14708 624
14820 632
14932 636
15044 639
15156 639
15276 654
15388 655
15500 664
15612 668
15724 671
15836 671
15948 679
16060 688
16172 689
16292 696
16404 704
16516 704
16628 705
16740 707
16852 711
16964 718
17076 719
17188 728
17308 728
17420 736
17532 736
17644 736
17756 739
17868 743
17980 768
18092 768
18204 768
18324 768
18436 768
18548 768
18660 768
18772 768
18884 768
19000 768
19112 771
19224 775
19340 775
19452 775
19564 768
19680 743
19792 728
19904 707
20016 696
20128 671
20240 655
20356 639
20472 625
20584 611
20696 600
20808 575
20920 572
21032 556
21144 543
21256 527
21368 515
21488 508
21600 496
21712 481
21824 472
21936 462
22048 449
22160 440
22272 432
22384 415
22504 412
22616 399
22728 391
22840 384
22952 376
23064 368
23176 355
23288 352
23400 344
23520 335
23632 319
23744 319
23856 312
23968 305
24080 295
24196 287
24308 287
24420 280
24536 271
24648 255
24760 255
24876 255
24988 252
25100 248
25212 241
25324 238
25436 231
25552 225
25668 224
25780 220
25892 216
26004 207
26116 206
26228 199
26340 195
26452 192
26572 192
26684 188
26796 184
26908 177
27020 176
27132 174
27244 167
27356 163
27468 159
27588 159
27700 158
27812 156
27924 152
28036 152
28148 143
28260 143
28372 142
28484 135
28604 135
28716 127
28828 127
28944 127
29056 127
29168 126
29280 135
29392 159
29512 176
29624 192
29736 207
29848 225
29960 241
30072 255
30184 271
30296 287
30412 304
30528 319
30640 327
30752 344
30864 355
30976 369
31092 384
31204 391
31316 408
31428 415
31544 432
31656 440
31768 449
31884 462
31996 472
32108 480
32220 487
32332 504
32444 510
32560 519
32676 527
32788 536
32900 543
33012 551
33124 560
33236 568
33348 574
33460 575
33580 588
33692 591
33804 604
33916 608
34028 615
34140 624
34252 625
34364 632
34476 639
34588 639
34708 639
34820 655
34932 664
35044 664
35156 670
35268 671
35380 679
35492 684
35604 688
35724 696
35836 696
35948 704
36060 704
36172 707
36284 711
36400 716
36512 719
36624 719
36740 728
36852 732
36964 736
37080 736
37192 737
37304 743
37416 743
37528 768
37640 768
37756 768
37872 768
37984 768
38096 768
38208 768
38320 768
38432 768
38544 769
38656 771
38776 775
38888 775
39000 768
39112 768
39224 736
39336 711
39448 696
39560 679
39672 664
39792 639
39904 632
40016 615
40128 604
40240 590
40352 575
40464 560
40576 543
40688 536
40808 519
40920 510
41032 497
41144 487
41256 476
41368 463
41480 451
41596 448
41708 432
41824 423
41936 415
42048 403
42160 391
42276 385
42388 384
42500 368
42612 359
42724 352
42840 344
42956 335
43068 327
43180 319
43292 316
43404 312
43516 304
43628 295
43740 287
43860 284
43972 280
44084 271
44196 255
44308 255
44420 255
44532 248
44644 241
44756 240
44876 231
44988 227
45100 224
45212 220
45324 216
45436 207
45548 207
45660 199
45772 199
45892 193
46004 192
46116 188
46228 184
46340 177
46452 176
46564 174
46676 167
46792 167
46908 159
47020 159
47132 158
47244 156
47356 152
47472 152
47584 143
47696 143
47808 142
47924 135
48036 135
48152 127
48264 127
48376 127
48488 127
48600 126
48712 127
48824 152
48944 167
49056 188
49168 199
49280 220
49392 238
49504 252
49616 255
49728 284
49840 295
49952 312
50072 319
50184 335
50296 352
50408 368
50520 384
50632 387
50744 399
50856 414
50968 423
51088 443
51200 448
51312 455
51424 465
51536 480
51648 487
51760 496
51872 504
51984 512
52104 519
52216 531
52328 540
52440 543
52552 556
52664 561
52776 572
52888 575
53000 583
53120 591
53232 600
53344 608
53456 611
53568 615
53680 624
53792 632
53908 636
54020 639
54136 639
54248 654
54360 655
54472 664
54588 668
54700 671
54812 671
54924 679
55036 688
55152 689
55268 696
55380 704
55492 704
55604 705
55716 711
55828 711
55940 719
56052 719
56172 728
56284 728
56396 736
56508 736
56620 737
56732 739
56844 743
56956 768
57068 768
57188 768
57300 768
57412 768
57524 768
57636 768
57748 768
57868 768
57980 768
58100 769
58212 775
58324 775
58436 775
58548 768
58660 739
58772 719
58884 704
58996 688
59116 671
59228 655
59340 639
59452 624
59564 608
59676 591
59788 575
59900 568
60012 551
60132 542
60244 527
60356 513
60468 504
60580 492
60692 480
60804 472
60916 455
61028 448
61148 440
61260 428
61372 415
61484 408
61596 399
61708 387
61820 384
61932 376
62048 368
62164 355
62276 352
62388 344
62500 334
62612 319
62728 319
62840 312
62952 304
63064 295
63180 287
63292 286
63408 280
63520 271
63632 255
63744 255
63856 255
63968 252
64080 248
64200 240
64312 231
64424 231
64536 225
64648 224
64760 216
64872 216
64984 207
65096 206
65216 199
65328 195
65440 192
65552 192
65664 184
65776 184
65888 177
66000 176
66112 167
66232 167
66344 163
66456 159
66568 159
66680 156
66792 152
66904 152
67016 147
67128 143
67248 143
67360 142
67472 135
67584 127
67696 127
67808 127
67924 127
68036 127
68148 126
68264 143
68376 159
68488 177
68604 193
68716 211
68828 227
68940 248
69052 255
69164 275
69280 287
69396 304
69508 319
69620 334
69732 348
69844 359
69956 376
70068 384
70180 398
70300 408
70412 415
70524 432
70636 448
70748 451
70860 463
70972 472
71084 481
71196 492
71316 504
71428 511
71540 519
71652 527
71764 536
71876 543
71988 551
72100 560
72212 568
72324 575
72444 575
72556 590
72668 595
72780 604
72892 608
73004 615
73120 624
73232 625
73344 632
73460 639
73572 639
73684 639
73796 655
73908 664
74020 664
74132 671
74244 671
74356 679
74476 684
74588 688
74700 696
74812 696
74924 704
75036 704
75148 707
75260 711
75372 716
75492 719
75604 719
75716 728
75828 728
75940 736
76052 736
76164 737
76280 739
76392 743
76508 768
76620 768
76732 768
76844 768
76960 768
77072 768
77184 768
77296 768
77408 768
77524 769
77640 771
77752 775
77864 775
77976 768
78088 768
78200 736
78312 711
78424 696
78544 679
78656 664
78768 639
78880 632
78992 615
79104 604
79216 588
79328 574
79440 560
79560 543
79672 536
79784 519
79896 510
80008 496
80120 483
80232 476
80344 463
80456 451
80576 448
80688 432
80800 423
80912 414
81024 408
81136 391
81248 385
81360 384
81476 368
81592 359
81704 352
81816 344
81928 335
82040 327
82156 319
82268 316
82380 312
82492 304
82608 295
82720 287
82836 284
82948 275
83060 271
83172 255
83284 255
83396 254
83508 248
83628 241
83740 240
83852 231
83964 227
84076 224
84188 220
84300 216
84412 207
84524 207
84644 199
84756 195
84868 193
84980 192
85092 192
85204 184
85316 179
85428 176
85540 176
85660 167
85772 167
85884 159
85996 159
86108 158
86220 156
86332 152
86444 152
86556 143
86676 143
86800 142
86912 135
87024 135
87136 127
87248 127
87360 127
87480 127
87592 124
87704 127
87816 152
87928 174
88040 192
88152 207
88264 224
88376 240
88496 255
88608 271
88720 286
88832 302
88944 316
89056 327
89168 344
89280 353
89392 368
89512 384
89624 391
89736 408
89848 415
89960 428
90072 440
90188 448
90300 455
90412 472
90524 480
90640 487
90752 497
90868 508
90980 515
91092 526
91204 536
91316 542
91428 547
91540 558
91660 568
91772 574
91884 575
91996 583
92108 591
92220 600
92332 608
92444 611
92556 620
92676 625
92788 632
92900 638
93012 639
93124 639
93236 655
93348 655
93460 664
93572 670
93692 671
93804 679
93916 679
94028 688
94140 696
94252 696
94364 704
94476 704
94588 707
94708 711
94820 711
94932 719
95044 719
95156 728
95268 728
95384 736
95496 736
95608 737
95724 739
95836 743
95948 768
96064 768
96176 768
96288 768
96400 768
96512 768
96624 768
96740 768
96856 768
96968 769
97080 771
97192 775
97304 775
97416 775
97528 768
97640 736
97760 718
97872 704
97984 684
98096 668
98208 647
98320 636
98432 622
98544 608
98656 591
98776 575
98888 563
99000 551
99112 537
99224 526
99336 512
99448 504
99560 487
99672 480
99792 463
99904 455
100016 448
100128 435
100240 423
100352 415
100464 408
100580 399
100692 387
100808 384
100920 369
101032 359
101144 353
101260 348
101372 335
101484 327
101596 319
101708 318
101824 312
101940 304
102052 295
102164 287
102276 284
102388 280
102500 271
102612 255
102724 255
102844 255
102956 252
103068 248
103180 240
103292 231
103404 231
103516 224
103628 224
103740 216
103860 211
103972 207
104084 199
104196 199
104308 195
104420 192
104532 192
104644 184
104756 184
104876 176
104988 176
105100 167
105212 167
105324 159
105436 159
105548 159
105660 156
105776 152
105888 152
106004 145
106116 143
106228 143
106340 135
106456 135
106568 127
106680 127
106792 127
106904 127
107020 127
107132 127
107244 143
107356 163
107468 184
107580 199
107692 216
107804 231
107916 248
108036 255
108148 280
108260 295
108372 312
108484 319
108596 335
108708 352
108820 359
108936 384
109052 387
109164 399
109276 414
109388 423
109500 433
109616 448
109728 455
109840 463
109952 480
110068 483
110180 496
110296 504
110408 512
110520 519
110632 527
110744 540
110856 543
110968 551
111088 561
111200 568
111312 575
111424 583
111536 591
111648 600
111760 608
111872 609
111984 615
112104 624
112216 632
112328 638
112440 639
112552 639
112664 654
112776 655
112888 664
113000 670
113120 671
113232 675
113344 679
113456 688
113568 689
113680 696
113792 704
113904 704
114016 705
114136 711
114248 711
114360 718
114472 719
114584 728
114696 728
114812 732
114924 736
115036 736
115152 739
115264 743
115376 743
115492 768
115604 768
115720 768
115840 768
115952 768
116064 768
116176 768
116288 768
116400 768
116512 769
116624 771
116736 775
116856 775
116968 768
117080 743
117192 728
117304 707
117416 696
117528 671
117640 655
117752 639
117872 632
117984 611
118096 600
118208 583
118320 572
118432 558
118544 543
118656 531
118772 519
118888 508
119000 496
119112 481
119224 472
119336 462
119452 449
119564 440
119676 432
119788 419
119904 412
120016 399
120132 391
120244 384
120356 384
120468 368
120580 359
120692 352
120804 344
120924 335
121036 327
121148 319
121260 312
121372 305
121484 295
121596 291
121708 287
121820 280
121940 271
122052 255
122164 255
122276 255
122388 252
122500 248
122612 241
122724 238
122836 231
122948 225
123068 224
123180 220
123292 216
123404 207
123516 206
123628 199
123740 195
123852 192
123968 192
124084 188
124196 184
124308 177
124420 176
124532 167
124648 167
124760 163
124872 159
124984 159
125100 158
125212 156
125328 152
125440 152
125552 143
125664 143
125776 142
125888 135
126000 135
126120 127
126232 127
126344 127
126456 127
126568 126
126680 135
126792 156
126904 176
127016 192
127136 207
127248 224
127360 240
127472 255
127584 271
127696 287
127808 304
127920 316
128032 327
128152 344
128264 355
128376 368
128488 384
128600 391
128712 408
128824 415
128936 430
129048 440
129168 449
129280 462
129392 472
129504 480
129616 487
129728 504
129844 510
129956 515
130068 527
130184 536
130296 543
130408 551
130524 560
130636 568
130748 574
130860 575
130972 588
131084 591
131200 600
131316 608
131428 615
131540 620
131652 625
131764 632
131876 638
131988 639
132100 639
132220 654
132332 655
132444 664
132556 670
132668 671
132780 679
132892 679
133004 688
133116 696
133236 696
133348 704
133460 704
133572 707
133684 711
133796 711
133908 719
134020 719
134132 728
134252 728
134364 736
134476 736
134588 737
134700 743
134812 743
134924 768
135040 768
135152 768
135268 768
135380 768
135492 768
135604 768
135720 768
135832 768
135944 769
136056 771
136168 775
136284 775
136400 771
136512 768
136624 736
136736 718
136848 704
136960 679
137072 668
137184 639
137304 636
137416 620
137528 608
137640 591
137752 575
137864 568
137976 551
138088 540
138200 526
138312 512
138432 504
138544 487
138656 480
138768 463
138880 455
138992 448
139104 433
139216 423
139328 415
139448 408
139560 396
139672 385
139784 384
139896 369
140008 359
140120 353
140232 348
140344 335
140464 327
140576 319
140688 316
140800 312
140912 304
141024 295
141136 287
141248 284
141364 280
141480 271
141592 255
141704 255
141816 255
141928 252
142040 243
142156 240
142268 231
142380 227
142496 224
142608 224
142720 216
142832 209
142948 207
143060 199
143172 199
143284 193
143396 192
143512 192
143628 184
143740 179
143852 176
143964 176
144076 167
144188 167
144300 163
144412 159
144532 159
144648 156
144760 152
144872 152
144992 143
145104 143
145216 142
145328 135
145440 135
145552 127
145664 127
145776 127
145888 127
146008 127
146120 127
146232 152
146344 163
146456 184
146568 199
146680 220
146792 231
146908 252
147020 255
147136 280
147248 295
147360 312
147472 319
147588 335
147700 352
147812 364
147924 384
148036 387
148152 399
148268 414
148380 423
148492 433
148604 448
148716 455
148828 463
148940 480
149052 483
149172 496
149284 504
149396 512
149508 519
149620 527
149732 540
149844 543
149956 556
150068 561
150188 572
150300 575
150412 583
150524 591
150636 600
150748 608
150860 609
150972 615
151084 624
151204 632
151316 636
151428 639
151540 639
151652 652
151764 655
151876 664
151988 668
152104 671
152220 671
152332 679
152444 688
152556 689
152668 696
152784 704
152896 704
153008 704
153120 707
153236 711
153348 718
153464 719
153576 728
153688 728
153800 732
153912 736
154024 736
154136 739
154256 743
154368 768
154480 768
154592 768
154704 768
154816 768
154928 768
155040 768
155152 768
155272 768
155384 768
155496 771
155608 771
155720 775
155832 775
155944 768
156056 743
156168 728
156288 705
156400 688
156512 671
156624 655
156736 639
156848 625
156960 609
157072 600
157184 575
157304 568
157416 551
157528 543
157640 527
157752 515
157864 504
157980 496
158092 480
158204 472
158320 455
158432 448
158544 440
158660 430
158772 415
158884 412
158996 399
159108 391
159220 384
159336 376
159452 368
159564 355
159676 352
159788 344
159900 335
160012 319
160124 319
160236 312
160356 304
160468 295
160580 287
160692 287
160804 280
160916 271
161028 255
161140 255
161252 255
161372 252
161484 248
161596 240
161708 238
161820 231
161932 225
162044 224
162156 220
162268 216
162380 207
162500 206
162612 199
162724 195
162836 192
162948 192
163060 184
163176 184
163288 177
163400 176
163516 167
163628 167
163740 163
163852 159
163964 159
164076 158
164188 156
164300 152
164412 152
164532 143
164644 143
164756 142
164868 135
164980 135
165092 127
165204 127
165316 127
165428 127
165548 126
165660 135
165772 159
165884 176
165996 192
166108 207
166220 225
166336 241
166448 255
166564 271
166676 287
166788 304
166900 318
167016 327
167128 344
167240 355
167352 369
167464 384
167580 391
167696 408
167808 415
167920 432
168032 440
168144 449
168256 462
168368 472
168480 480
168600 487
168712 504
168824 510
168936 519
169048 527
169160 536
169272 543
169384 551
169496 560
169616 568
169728 575
169840 575
169952 588
170064 593
170176 600
170288 608
170400 611
170512 622
170632 625
170744 632
170856 638
170968 639
171080 639
171192 655
171304 655
171416 664
171532 670
171648 671
171760 679
171872 684
171984 688
172096 696
172212 696
172324 704
172436 704
172548 707
172664 711
172776 716
172892 719
173004 719
173116 728
173228 732
173340 736
173452 736
173572 739
173684 743
173796 743
173908 768
174020 768
174140 768
174252 768
174364 768
174476 768
174588 768
174700 768
174812 768
174924 769
175036 771
175156 775
175268 775
175380 768
175492 768
175604 732
175716 711
175828 696
175940 679
176056 664
176168 639
176284 632
176396 615
176508 601
176620 588
176736 574
176848 560
176960 543
177072 536
177184 519
177300 510
177412 497
177524 487
177636 476
177748 463
177860 451
177972 448
178084 432
178196 423
178316 414
178428 403
178540 391
178652 384
178764 384
178876 368
178988 359
179100 352
179216 344
179332 335
179444 327
179556 319
179668 316
179780 307
179896 304
180008 295
180120 287
180232 284
180348 275
180460 271
180576 255
180688 255
180800 255
180912 248
181024 243
181136 240
181248 231
181368 227
181480 224
181592 220
181704 216
181816 207
181928 207
182040 199
182152 199
182264 193
182384 192
182496 192
182608 184
182720 179
182832 176
182944 174
183056 167
183168 167
183280 163
183400 159
183512 158
183624 156
183736 152
183848 152
183960 145
184072 143
184184 143
184296 135
184416 135
184528 127
184640 127
184752 127
184864 127
184976 126
185092 127
185204 152
185316 167
185432 192
185544 206
185656 224
185772 240
185884 254
185996 255
186108 284
186220 295
186332 312
186448 327
186564 344
186676 353
186788 368
186900 384
187012 391
187124 403
187236 415
187348 423
187468 440
187580 448
187692 455
187804 472
187916 480
188028 487
188140 496
188252 508
188364 513
188484 524
188596 536
188708 542
188820 543
188932 556
189044 568
189156 572
189268 575
189380 583
189500 591
189612 600
189724 608
189836 611
189948 615
190060 624
190172 632
190288 638
190400 639
190516 639
190628 654
190740 655
190852 664
190968 670
191080 671
191192 679
191304 679
191416 688
191532 696
191648 696
191760 704
191872 704
191984 705
192096 711
192208 711
192320 719
192432 719
192544 728
192660 728
192772 736
192884 736
192996 737
193108 739
193220 743
193332 768
193444 768
193556 768
193676 768
193788 768
193900 768
194012 768
194124 768
194236 768
194348 768
194460 771
194576 775
194692 775
194804 775
194916 768
195028 739
195140 719
195252 704
195368 688
195480 671
195592 655
195708 639
195820 624
195932 608
196048 593
196160 575
196272 568
196384 551
196496 542
196608 527
196724 513
196840 504
196952 492
197064 480
197176 472
197288 455
197400 448
197512 440
197624 430
197744 415
197856 408
197968 399
198080 387
198192 384
198304 376
198416 364
198528 355
198640 352
198760 344
198872 334
198984 319
199096 319
199208 312
199320 304
199432 295
199544 287
199656 287
199776 280
199888 271
200000 255
200112 255
200224 255
200336 252
200448 248
200564 240
200676 231
200792 231
200904 225
201016 224
201128 217
201244 216
201356 207
201468 206
201580 199
201692 195
201808 192
201924 192
202036 184
202148 184
202260 177
202372 176
202488 167
202600 167
202716 163
202828 159
202940 159
203052 156
203164 152
203280 152
203396 145
203508 143
203620 143
203732 135
203844 135
203956 127
204068 127
204180 127
204300 127
204412 127
204524 124
204636 143
204748 159
204860 177
204972 195
205084 216
205196 227
205316 248
205428 255
205540 280
205652 287
205764 304
205876 319
205988 334
206100 348
206212 359
206332 376
206444 385
206556 398
206668 408
206780 419
206892 432
207004 448
207116 451
207232 463
207348 476
207460 481
207572 494
207684 504
207796 511
207912 519
208024 527
208136 536
208248 543
208364 551
208476 560
208592 568
208704 575
208816 575
208928 590
209040 600
209152 604
209264 608
209384 615
209496 624
209608 632
209720 632
209832 639
209944 639
210056 639
210168 655
210280 655
210400 664
210512 671
210624 671
210736 679
210848 684
210960 688
211072 696
211184 696
211296 704
211416 704
211528 707
211640 711
211752 716
211864 719
211976 719
212088 728
212200 732
212312 736
212428 736
212544 739
212656 743
212768 743
212880 768
212992 768
213108 768
213220 768
213332 768
213444 768
213560 768
213672 768
213784 768
213896 769
214008 771
214120 775
214232 775
214344 768
214456 768
214576 728
214688 711
214800 696
214912 675
215024 664
215136 639
215248 632
215360 615
215476 600
215592 583
215704 574
215816 560
215928 543
216040 536
216152 519
216268 508
216380 496
216492 483
216608 472
216720 463
216832 451
216948 448
217060 432
217172 419
217284 414
217396 399
217508 391
217624 384
217740 384
217852 368
217964 359
218076 352
218188 344
218300 335
218412 327
218524 319
218644 316
218756 305
218868 302
218980 291
219092 287
219204 284
219316 275
219428 271
219540 255
219660 255
219772 254
219884 248
219996 241
220108 240
220220 231
220332 227
220444 224
220556 220
220676 216
220788 207
220900 207
221012 199
221124 195
221236 193
221348 192
221464 188
221576 184
221692 179
221804 176
221916 174
222028 167
222144 167
222256 159
222368 159
222480 159
222592 156
222708 152
222824 152
222936 143
223048 143
223160 142
223272 135
223384 135
223496 127
223608 127
223728 127
223840 127
223952 126
224064 127
224176 152
224288 167
224400 192
224512 206
224624 224
224744 240
224856 255
224968 271
225080 286
225192 295
225304 316
225416 327
225528 344
225640 353
225760 368
225872 384
225984 391
226096 403
226208 415
226320 423
226432 440
226544 448
226660 455
226776 472
226888 480
227000 487
227112 496
227224 508
227340 515
227452 524
227564 536
227676 542
227792 547
227904 558
228020 568
228132 572
228244 575
228356 583
228468 591
228580 600
228692 608
228804 611
228920 615
229032 624
229144 632
229256 636
229368 639
229480 639
229592 654
229704 655
229816 664
229936 668
230048 671
230160 675
230272 679
230384 688
230496 689
230608 696
230720 704
230832 704
230952 705
231064 711
231176 711
231288 719
