24 600
140 608
252 609
364 615
476 624
588 632
700 636
812 639
924 639
1044 639
1156 654
1268 655
1380 664
1492 664
1604 670
1716 671
1828 671
1940 675
2060 679
2172 679
2284 684
2396 688
2508 688
2620 688
2732 688
2844 688
2956 688
3076 688
3188 688
3300 688
3412 688
3524 686
3636 684
3748 679
3860 679
3972 671
4088 671
4204 671
4316 668
4428 664
4540 655
4652 655
4768 647
4880 639
4992 639
5104 636
5220 632
5332 624
5444 620
5556 611
5668 608
5780 600
5892 591
6004 588
6116 575
6236 574
6348 568
6460 560
6572 551
6684 543
6796 536
6908 527
7020 519
7136 512
7252 504
7364 496
7476 487
7588 480
7700 472
7812 463
7928 455
8040 448
8152 440
8268 432
8380 423
8492 415
8608 408
8720 399
8832 391
8944 384
9056 384
9168 368
9284 359
9400 353
9512 352
9624 344
9736 335
9848 327
9960 319
10072 316
10184 312
10304 304
10416 295
10528 291
10640 287
10752 284
10864 280
10976 271
11088 271
11200 255
11320 255
11432 255
11544 255
11656 255
11768 252
11880 252
11992 248
12104 248
12216 248
12336 243
12448 243
12560 241
12672 241
12784 241
12896 241
13008 248
13120 248
13236 248
13352 248
13464 252
13576 254
13688 255
13800 255
13916 255
14028 255
14140 255
14252 271
14368 280
14480 280
14596 286
14708 287
14820 295
14932 302
15044 305
15156 312
15268 319
15388 319
15500 327
15612 335
15724 344
15836 352
15948 359
16060 368
16172 376
16284 384
16404 387
16516 391
16628 399
16740 412
16852 415
16964 423
17076 433
17188 448
17300 449
17420 455
17532 463
17644 476
17756 481
17868 487
17980 497
18092 508
18204 513
18316 519
18436 527
18548 540
18660 543
18772 551
18884 560
18996 568
19112 575
19224 575
19336 590
19452 600
19564 604
19676 608
19792 615
19904 622
20016 625
20128 632
20240 638
20352 639
20464 639
20580 652
20692 655
20804 664
20916 664
21028 668
21140 671
21252 671
21364 675
21476 679
21596 679
21708 684
21820 688
21932 688
22044 688
22156 688
22272 688
22384 688
22496 688
22612 688
22724 688
22836 688
22952 688
23064 684
23176 679
23288 679
23400 671
23512 671
23628 671
23744 670
23856 664
23968 664
24080 655
24192 654
24304 639
24416 639
24528 639
24648 632
24760 625
24872 624
24984 615
25096 608
25208 604
25320 600
25432 591
25544 583
25664 575
25776 568
25888 560
26000 551
26112 543
26224 540
26336 531
26448 524
26560 515
26680 508
26792 497
26904 492
27016 481
27128 476
27240 465
27352 455
27468 449
27580 448
27696 433
27808 423
27920 415
28032 412
28148 399
28260 391
28372 387
28484 384
28596 376
28712 368
28828 355
28948 352
29060 344
29172 335
29284 327
29396 319
29516 319
29628 312
29740 304
29852 302
29964 295
30076 287
30188 286
30300 280
30412 280
30532 271
30644 255
30756 255
30868 255
30980 255
31092 255
31204 254
31316 252
31432 248
31548 248
31660 248
31772 248
31884 243
31996 243
32112 241
32224 243
32336 243
32448 248
32564 248
32676 248
32792 248
32904 252
33016 254
33128 255
33240 255
33352 255
33464 255
33584 255
33696 271
33808 271
33920 280
34032 286
34144 287
34256 295
34368 295
34480 304
34600 312
34712 318
34824 319
34936 327
35048 335
35160 344
35272 352
35384 355
35496 359
35616 369
35728 384
35840 384
35952 391
36064 399
36176 408
36288 415
36400 423
36512 432
36632 440
36744 448
36856 455
36968 463
37080 472
37192 480
37308 487
37420 496
37532 504
37648 512
37760 519
37872 527
37988 536
38100 543
38212 551
38324 560
38436 568
38548 572
38664 575
38780 583
38892 591
39004 600
39116 608
39228 611
39340 615
39452 624
39564 632
39676 636
39796 639
39908 639
40020 639
40132 655
40244 655
40356 664
40468 668
40580 670
40692 671
40812 671
40924 679
41036 679
41148 679
41260 688
41372 688
41484 688
41596 688
41708 688
41828 688
41940 688
42052 688
42164 688
42276 688
42388 688
42504 684
42616 679
42728 679
42844 675
42956 671
43068 671
43184 670
43296 668
43408 664
43520 655
43632 654
43744 639
43860 639
43976 639
44088 636
44200 632
44312 624
44424 615
44536 609
44648 608
44760 600
44880 591
44992 583
45104 575
45216 572
45328 568
45440 558
45552 547
45664 542
45776 536
45896 526
46008 515
46120 511
46232 504
46344 496
46456 487
46568 480
46680 472
46792 462
46912 451
47024 448
47136 440
47248 432
47360 419
47472 414
47584 408
47700 399
47812 391
47928 384
48040 384
48152 368
48264 359
48380 352
48492 348
48604 339
48716 334
48828 319
48944 319
49060 316
49172 312
49284 304
49396 295
49508 287
49620 287
49732 284
49844 280
49964 271
50076 270
50188 255
50300 255
50412 255
50524 255
50636 255
50748 252
50860 248
50980 248
51092 248
51204 248
51316 248
51428 241
51540 241
51652 241
51764 243
51876 243
51996 248
52108 248
52220 248
52332 248
52444 252
52556 255
52668 255
52780 255
52896 255
53012 255
53124 271
53236 271
53348 280
53460 284
53576 287
53688 287
53800 295
53912 304
54028 312
54140 316
54256 319
54368 319
54480 334
54592 339
54704 348
54816 352
54928 359
55048 368
55160 384
55272 384
55384 387
55496 398
55608 408
55720 414
55832 419
55944 430
56056 440
56176 448
56288 451
56400 462
56512 472
56624 480
56736 483
56848 496
56960 504
57072 510
57192 515
57304 527
57416 536
57528 542
57640 543
57752 556
57868 561
57980 572
58092 575
58208 583
58320 591
58432 600
58544 604
58656 609
58772 615
58888 624
59000 632
59112 636
59224 639
59336 639
59448 639
59560 654
59672 655
59792 664
59904 664
60016 668
60128 671
60240 671
60352 675
60464 679
60576 679
60688 684
60808 688
60920 688
61032 688
61144 688
61256 688
61368 688
61480 688
61592 688
61704 688
61824 688
61936 688
62048 679
62160 679
62272 679
62384 671
62496 671
62608 671
62724 668
62840 664
62952 655
63064 655
63176 647
63288 639
63404 639
63516 636
63628 632
63740 624
63856 620
63968 611
64084 608
64196 604
64308 591
64420 588
64532 575
64644 575
64756 568
64876 560
64988 551
65100 543
65212 536
65324 527
65436 519
65548 512
65660 504
65772 496
65884 487
66004 480
66116 472
66228 463
66340 455
66452 448
66564 440
66676 432
66788 423
66900 415
67020 408
67132 399
67244 391
67356 384
67468 384
67580 369
67692 359
67804 355
67920 352
68036 344
68148 335
68260 327
68372 319
68484 318
68600 312
68712 304
68824 295
68936 291
69052 287
69164 284
69280 280
69392 271
69504 271
69616 255
69728 255
69840 255
69952 255
70072 255
70184 252
70296 252
70408 248
70520 248
70632 248
70744 243
70856 241
70968 241
71088 241
71200 241
71312 241
71424 248
71536 248
71648 248
71760 248
71872 252
71984 254
72104 255
72216 255
72328 255
72440 255
72552 255
72664 271
72776 275
72888 280
73000 286
73120 287
73232 295
73344 302
73456 305
73568 312
73680 319
73796 319
73908 327
74020 335
74136 344
74248 352
74360 355
74476 368
74588 376
74700 384
74812 385
74924 391
75036 399
75152 412
75268 415
75380 423
75492 433
75604 448
75716 448
75828 455
75940 463
76052 476
76172 481
76284 487
76396 497
76508 508
76620 513
76732 519
76844 527
76956 536
77068 543
77188 551
77300 560
77412 568
77524 575
77636 575
77748 588
77860 591
77972 600
78084 608
78204 615
78316 620
78428 625
78540 632
78652 638
78764 639
78876 639
78992 647
79104 655
79220 664
79332 664
79444 668
79556 671
79672 671
79784 671
79896 679
80008 679
80120 679
80236 686
80352 688
80464 688
80576 688
80688 688
80800 688
80912 688
81024 688
81136 688
81248 688
81368 688
81480 684
81592 679
81704 679
81816 675
81928 671
82040 671
82152 668
82264 664
82384 664
82496 655
82608 654
82720 639
82832 639
82944 639
83056 636
83168 632
83280 624
83400 615
83512 609
83624 604
83736 600
83848 591
83960 583
84072 575
84188 572
84300 561
84416 556
84528 543
84640 540
84752 536
84868 526
84980 515
85092 510
85204 504
85316 492
85432 481
85548 480
85660 465
85772 455
85884 449
85996 448
86108 433
86220 423
86332 415
86452 412
86564 399
86676 391
86792 387
86904 384
87024 376
87136 368
87248 359
87360 352
87472 344
87584 335
87696 327
87808 319
87920 319
88040 312
88152 305
88264 304
88376 295
88488 287
88600 287
88712 281
88824 280
88936 271
89056 255
89168 255
89280 255
89392 255
89504 255
89616 254
89728 252
89844 248
89956 248
90072 248
90184 248
90296 243
90408 241
90524 241
90636 241
90748 241
90860 243
90972 248
91088 248
91204 248
91316 252
91428 252
91540 255
91652 255
91764 255
91876 255
91988 255
92108 271
92220 271
92332 280
92444 284
92556 287
92668 287
92780 295
92892 304
93004 312
93124 316
93236 319
93348 327
93460 335
93572 344
93684 352
93796 353
93908 359
94020 368
94140 384
94252 384
94364 391
94476 399
94588 408
94700 415
94812 423
94924 432
95040 440
95156 448
95268 455
95380 463
95492 472
95604 480
95720 487
95832 496
95944 504
96056 512
96172 519
96284 527
96400 536
96512 543
96624 551
96736 560
96848 568
96960 572
97072 575
97192 583
97304 591
97416 600
97528 608
97640 611
97752 615
97864 624
97976 632
98088 636
98208 639
98320 639
98432 639
98544 655
98656 655
98768 664
98880 668
98992 671
99104 671
99224 671
99336 679
99448 679
99560 686
99672 688
99784 688
99896 688
100008 688
100120 689
100240 696
100352 696
100464 696
100576 688
100688 688
100800 688
100916 688
101028 686
101140 679
101256 679
101368 675
101480 671
101596 671
101708 668
101820 664
101932 655
102044 655
102156 639
102268 639
102384 639
102496 636
102608 632
102720 624
102832 615
102944 611
103056 608
103168 600
103280 591
103400 583
103512 575
103624 574
103736 568
103848 560
103960 551
104076 543
104188 536
104300 527
104416 519
104528 511
104640 504
104756 496
104868 487
104980 480
105092 472
105204 463
105316 455
105432 448
105548 440
105660 432
105772 423
105884 415
105996 408
106108 399
106220 391
106332 384
106452 384
106564 368
106676 359
106788 353
106900 348
107012 344
107124 335
107236 327
107348 319
107468 316
107580 312
107692 304
107804 295
107916 287
108028 287
108140 284
108252 280
108364 271
108484 271
108596 255
108708 255
108820 255
108932 255
109044 255
109156 252
109272 252
109384 248
109500 248
109612 248
109724 243
109836 241
109952 241
110064 241
110176 241
110288 243
110400 248
110516 248
110632 248
110744 248
110856 252
110968 254
111080 255
111192 255
111304 255
111416 255
111536 270
111648 271
111760 280
111872 284
111984 287
112096 287
112208 295
112320 304
112432 307
112552 316
112664 319
112776 319
112888 327
113000 335
113112 348
113224 352
113336 359
113448 368
113568 376
113680 384
113792 387
113904 396
114016 408
114128 412
114240 415
114352 423
114468 435
114584 448
114696 451
114808 460
114920 467
115032 480
115148 483
115260 492
115372 499
115484 508
115600 515
115720 524
115832 531
115944 540
116060 543
116172 551
116284 560
116396 572
116512 575
116624 575
116736 591
116848 600
116960 604
117076 608
117188 615
117304 624
117416 625
117528 632
117640 639
117752 639
117864 639
117976 652
118096 655
118208 664
118320 664
118432 668
118544 671
118656 671
118768 671
118880 679
118992 679
119112 684
119224 686
119336 688
119448 688
119560 688
119672 688
119784 688
119896 688
120008 688
120128 688
120240 688
120352 684
120464 679
120576 679
120688 679
120800 671
120912 671
121024 671
121144 668
121256 664
121368 655
121480 655
121592 652
121704 639
121820 639
121932 638
122044 632
122160 624
122272 620
122384 611
122500 608
122612 600
122724 595
122836 590
122948 575
123060 575
123176 568
123292 560
123404 551
123516 543
123628 540
123740 527
123852 519
123964 513
124076 508
124188 497
124304 487
124416 480
124528 472
124640 463
124752 455
124864 448
124976 440
125088 432
125200 423
125320 415
125432 408
125544 399
125656 391
125768 385
125880 384
125992 376
126104 364
126220 355
126336 352
126448 344
126560 335
126672 327
126784 319
126900 318
127012 312
127124 304
127236 300
127352 295
127464 287
127580 286
127692 280
127804 275
127916 271
128028 255
128140 255
128252 255
128372 255
128484 255
128596 254
128708 252
128820 248
128932 248
129044 248
129156 248
129268 243
129388 241
129500 241
129612 241
129724 243
129836 248
129948 248
130060 248
130172 248
130284 252
130404 254
130516 255
130628 255
130740 255
130852 255
130964 255
131076 271
131188 273
131300 280
131420 286
131532 287
131644 295
131756 300
131868 304
131980 312
132096 318
132208 319
132320 327
132436 335
132548 344
132660 352
132776 355
132888 364
133000 369
133112 384
133224 385
133336 391
133452 399
133568 413
133680 415
133792 423
133904 432
134016 440
134128 448
134240 455
134352 463
134472 473
134584 480
134696 487
134808 496
134920 504
135032 512
135144 519
135256 527
135368 536
135488 543
135600 551
135712 560
135824 568
135936 574
136048 575
136160 583
136272 591
136384 600
136504 608
136616 611
136728 620
136840 624
136952 632
137064 636
137176 639
137292 639
137404 639
137520 655
137632 655
137744 664
137856 668
137972 671
138084 671
138196 671
138308 675
138420 679
138536 679
138652 684
138764 688
138876 688
138988 688
139100 688
139212 688
139324 688
139436 688
139548 688
139664 688
139776 686
139888 684
140000 679
140112 679
140224 675
140336 671
140448 671
140564 670
140680 664
140792 664
140904 655
141016 654
141128 639
141244 639
141356 639
141468 636
141580 632
141696 624
141808 615
141924 609
142036 608
142148 600
142260 591
142372 583
142484 575
142596 572
142716 561
142828 556
142940 543
143052 542
143164 536
143276 527
143388 515
143500 511
143612 504
143732 496
143844 483
143956 480
144068 472
144180 462
144292 451
144404 448
144516 440
144636 432
144748 419
144860 415
144976 408
145088 398
145204 391
145316 384
145428 384
145540 368
145652 359
145764 352
145876 348
145996 337
146108 334
146220 319
146332 319
146444 316
146556 312
146668 304
146780 295
146892 287
147012 287
147124 284
147236 280
147348 271
147460 270
147572 255
147684 255
147796 255
147908 255
148020 255
148140 252
148252 248
148364 248
148476 248
148588 248
148700 243
148812 241
148924 241
149040 241
149156 241
149268 248
149380 248
149492 248
149604 248
149716 248
149828 252
149940 254
150052 255
150172 255
150284 255
150396 255
150508 255
150620 271
150732 280
150844 284
150960 287
151072 287
151188 295
151300 304
151412 312
151524 316
151640 319
151752 319
151864 334
151976 339
152088 348
152204 352
152320 359
152432 368
152544 384
152656 384
152768 387
152880 398
152992 408
153104 414
153224 419
153336 432
153448 440
153560 448
153672 451
153784 462
153896 472
154008 480
154120 483
154240 496
154352 504
154464 510
154576 515
154688 526
154800 536
154912 542
155024 543
155136 556
155256 561
155368 572
155480 575
155592 583
155704 591
155816 600
155928 604
156040 608
156156 615
156272 624
156384 632
156496 632
156608 639
156720 639
156836 639
156948 654
157060 655
157172 664
157288 664
157400 668
157516 671
157628 671
157740 671
157852 679
157964 679
158076 684
158188 688
158308 688
158420 688
158532 688
158644 688
158756 688
158868 688
158980 688
159092 688
159204 688
159324 686
159436 679
159548 679
159660 679
159772 671
159884 671
159996 671
160108 668
160220 664
160340 655
160452 655
160564 647
160676 639
160788 639
160900 636
161012 632
161124 624
161236 620
161356 611
161468 608
161580 600
161692 591
161804 588
161916 575
162032 575
162144 568
162256 560
162372 551
162484 543
162596 536
162712 527
162824 519
162936 512
163048 508
163160 496
163272 487
163388 480
163504 472
163616 463
163728 455
163840 448
163952 440
164064 432
164176 423
164288 415
164400 408
164516 399
164628 391
164740 384
164852 384
164964 369
165076 359
165188 355
165300 352
165412 344
165532 335
165644 327
165756 319
165868 318
165980 312
166092 304
166204 295
166316 295
166432 287
166548 286
166660 280
166772 275
166884 271
166996 255
167112 255
167224 255
167336 255
167448 255
167564 254
167676 252
167792 248
167904 248
168016 248
168128 248
168240 243
168352 243
168464 241
168584 241
168696 243
168808 248
168920 248
169032 248
169144 248
169256 252
169368 254
169480 255
169600 255
169712 255
169824 255
169936 255
170048 271
170160 275
170272 280
170384 286
170496 287
170616 295
170728 302
170840 304
170952 312
171064 318
171176 319
171288 327
171400 335
171512 344
171632 352
171744 355
171856 366
171968 371
172080 384
172192 385
172308 391
172420 399
172532 408
172648 415
172760 423
172872 432
172988 440
173100 448
173212 455
173324 463
173436 472
173548 481
173660 487
173772 497
173892 508
174004 513
174116 519
174228 527
174340 536
174452 543
174564 551
174676 560
174788 568
174908 575
175020 575
175132 588
175244 591
175356 604
175468 608
175580 615
175692 620
175804 625
175924 632
176036 638
176148 639
176260 639
176372 647
176484 655
176596 655
176708 664
176820 668
176940 671
177052 671
177164 671
177276 679
177388 679
177500 684
177616 688
177728 688
177840 688
177956 688
178068 688
178180 688
178296 688
178408 688
178520 688
178632 688
178744 688
178856 688
178972 679
179088 679
179200 679
179312 671
179424 671
179536 670
179648 668
179760 664
179872 655
179992 654
180104 639
180216 639
180328 639
180440 636
180552 632
180664 624
180776 615
180888 609
181000 608
181120 600
181232 591
181344 583
181456 575
181568 572
181680 568
181792 556
181904 547
182016 542
182136 536
182248 526
182360 515
182472 510
182584 504
182696 496
182812 483
182924 480
183036 472
183152 462
183264 451
183376 448
183492 440
183604 432
183716 419
183828 414
183940 408
184052 398
184168 387
184284 384
184396 384
184508 368
184620 359
184732 352
184844 348
184956 337
185068 334
185188 319
185300 319
185412 316
185524 312
185636 304
185748 295
185860 287
185972 287
186084 284
186204 280
186316 271
186428 270
186540 255
186652 255
186764 255
186876 255
186988 254
187100 252
187220 252
187332 248
187444 248
187556 248
187668 248
187780 241
187892 243
188008 248
188120 248
188236 248
188348 248
188460 248
188572 248
188688 252
188800 254
188912 255
189024 255
189136 255
189252 255
189368 255
189480 271
189592 271
189704 280
189816 284
189928 287
190040 291
190152 295
190272 304
190384 312
190496 316
190608 319
190720 327
190832 335
190944 344
191056 348
191168 353
191288 359
191400 368
191512 384
191624 384
191736 391
191848 399
191960 408
192072 415
192184 423
192304 432
192416 440
192528 448
192640 455
192752 463
192864 472
192976 480
193088 487
193204 496
193320 504
193432 511
193544 519
193656 527
193768 536
193884 543
193996 547
194108 560
194220 568
194336 572
194448 575
194564 583
194676 591
194788 600
194900 608
195012 609
195124 615
195236 624
195356 632
195468 636
195580 639
195692 639
195804 639
195916 654
196028 655
196140 664
196252 664
196364 670
196484 671
196596 671
196708 675
196820 679
196932 679
197044 684
197156 688
197268 688
197380 688
197500 688
197612 688
197724 688
197836 688
197948 688
198060 688
198172 688
198284 686
198396 679
198516 679
198628 675
198740 671
198852 671
198964 671
199076 668
199188 664
199300 655
199412 655
199532 639
199644 639
199756 639
199868 636
199980 632
200092 624
200204 620
200320 611
200432 608
200548 600
200660 591
200772 583
200884 575
201000 574
201112 568
201224 560
201336 551
201448 543
201564 536
201680 527
201792 519
201904 512
202016 508
202128 496
202240 487
202352 480
202464 472
202576 463
202696 455
202808 448
202920 440
203032 432
203144 423
203256 415
203368 408
203480 399
203596 391
203712 384
203824 384
203936 368
204048 359
204160 353
204276 352
204388 344
204500 335
204612 327
204728 319
204840 316
204956 312
205068 304
205180 295
205292 291
205404 287
205516 284
205628 280
205748 271
205860 271
205972 255
206084 255
206196 255
206308 255
206420 255
206532 254
206644 252
206764 248
206876 248
206988 248
207100 243
207212 241
207324 241
207436 241
207548 241
207660 243
207780 248
207892 248
208004 248
208116 248
208228 252
208340 254
208452 255
208564 255
208676 255
208796 255
208908 255
209020 271
209132 280
209244 280
209356 286
209472 287
209584 295
209696 304
209808 305
209924 312
210036 319
210152 319
210264 327
210376 335
210488 344
210600 352
210712 359
210824 368
210944 376
211056 384
211168 387
211280 391
211392 399
211504 412
211616 415
211728 423
211840 433
211960 448
212072 449
212184 455
212296 465
212408 476
212520 481
212632 492
212744 497
212856 508
212976 513
213088 519
213200 529
213312 540
213424 543
213536 551
213648 560
213760 568
213872 575
213992 575
214104 590
214216 600
214328 604
214440 608
214552 615
214668 624
214780 625
214892 632
215008 639
215120 639
215232 639
215348 652
215460 655
215572 664
215684 664
215796 668
215908 671
216024 671
216140 671
216252 679
216364 679
216476 684
216588 686
216700 688
216812 688
216924 688
217044 688
217156 688
217268 688
217380 688
217492 688
217604 688
217716 688
217828 684
217940 679
218060 679
218172 675
218284 671
218396 671
218508 670
218620 664
218732 664
218844 655
218956 654
219076 639
219188 639
219300 639
219412 636
219524 632
219636 624
219748 615
219864 609
219976 608
220092 600
220204 591
220316 583
220428 575
220544 572
220656 561
220768 556
220880 543
220992 542
221108 536
221224 526
221336 515
221448 510
221560 504
221672 494
221784 483
221896 480
222008 472
222128 460
222240 451
222352 448
222464 440
222576 428
222688 415
222800 412
222912 403
223024 398
223144 387
223256 384
223368 376
223480 368
223592 359
223704 352
223816 344
223928 335
224040 327
224160 319
224272 319
224384 312
224496 307
224608 304
224720 295
224832 287
224944 287
225060 280
225172 280
225288 271
225400 255
225512 255
225624 255
225740 255
225852 255
225964 254
226076 252
226188 248
226304 248
226416 248
226528 248
226640 243
226752 243
226864 241
226976 241
227088 241
227200 243
227320 248
227432 248
227544 248
227656 252
227768 252
227880 255
227992 255
228104 255
228220 255
228336 255
228448 271
228560 271
228672 280
228784 284
228900 287
229012 291
229124 295
229236 304
229352 312
229464 316
229580 319
229692 327
229804 335
229916 344
230028 352
230140 353
230252 359
230372 368
230484 384
230596 384
230708 391
230820 399
230932 408
231044 415
231156 423
231268 432
