24 515
136 524
248 536
368 542
480 543
592 551
704 560
816 568
928 574
1040 575
1152 575
1264 583
1384 591
1496 591
1608 591
1720 600
1832 600
1944 600
2056 600
2168 591
2280 591
2400 591
2512 588
2624 583
2736 575
2848 575
2960 568
3072 561
3184 558
3296 547
3416 542
3528 536
3640 526
3752 515
3864 508
3976 497
4088 487
4204 480
4316 472
4432 462
4544 451
4656 448
4768 432
4884 423
4996 415
5108 408
5220 399
5332 391
5448 384
5564 384
5676 369
5788 364
5900 355
6012 352
6124 352
6236 344
6348 344
6468 335
6580 335
6692 335
6804 335
6916 335
7028 335
7140 335
7252 335
7364 344
7484 344
7596 352
7708 352
7820 355
7932 359
8044 368
8156 384
8268 384
8380 387
8500 399
8612 408
8724 415
8836 423
8948 432
9060 440
9172 449
9284 460
9400 472
9516 480
9628 487
9740 496
9852 508
9964 513
10080 524
10192 531
10304 540
10416 543
10532 556
10644 560
10760 568
10872 574
10984 575
11096 575
11208 588
11320 591
11432 591
11552 591
11664 600
11776 600
11888 600
12000 600
12112 600
12224 591
12336 591
12448 590
12568 583
12680 575
12792 575
12904 572
13016 568
13128 560
13240 551
13352 543
13464 536
13584 527
13696 519
13808 510
13920 504
14032 492
14144 481
14256 472
14368 463
14480 451
14600 448
14712 433
14824 423
14936 415
15048 408
15160 399
15276 391
15388 384
15500 384
15616 369
15728 366
15840 359
15952 352
16068 352
16180 344
16292 344
16404 335
16516 335
16628 335
16744 335
16856 335
16968 335
17080 335
17192 335
17304 339
17416 344
17528 348
17640 352
17760 355
17872 359
17984 368
18096 384
18208 384
18320 387
18432 398
18548 408
18660 415
18776 423
18888 432
19000 440
19112 448
19228 455
19340 467
19452 480
19564 487
19676 496
19792 504
19908 513
20020 519
20132 531
20244 540
20356 543
20468 551
20580 560
20692 568
20812 574
20924 575
21036 575
21148 583
21260 591
21372 591
21484 591
21596 600
21708 600
21828 600
21940 600
22052 595
22164 591
22276 591
22388 590
22500 583
22612 575
22724 575
22844 572
22956 568
23068 560
23180 551
23292 543
23404 536
23516 527
23628 519
23744 511
23860 504
23972 492
24084 481
24196 472
24308 463
24424 455
24536 448
24648 440
24760 423
24876 415
24988 408
25104 399
25216 391
25328 384
25440 384
25552 379
25664 368
25776 359
25896 352
26008 352
26120 344
26232 344
26344 335
26456 335
26568 335
26680 335
26792 335
26912 335
27024 335
27136 335
27248 339
27360 344
27472 348
27584 352
27696 355
27808 359
27928 368
28040 376
28152 384
28264 387
28376 398
28488 408
28600 414
28712 419
28824 432
28936 440
29048 448
29160 455
29272 463
29384 476
29496 483
29608 496
29728 504
29840 512
29952 519
30064 527
30176 536
30288 543
30400 551
30512 560
30624 568
30744 572
30856 575
30968 575
31080 583
31192 590
31304 591
31416 591
31528 600
31640 600
31760 600
31872 600
31984 600
32096 591
32208 591
32320 590
32432 583
32544 575
32656 575
32776 572
32888 568
33000 560
33112 551
33224 543
33336 536
33448 527
33560 519
33672 512
33792 504
33904 496
34016 483
34128 480
34240 463
34352 455
34468 448
34580 440
34692 432
34808 415
34920 412
35032 403
35148 391
35260 385
35372 384
35484 376
35596 368
35708 359
35824 353
35940 352
36052 348
36164 344
36276 339
36388 335
36500 335
36612 335
36724 335
36844 335
36956 335
37068 335
37180 339
37292 344
37404 348
37516 352
37628 353
37740 359
37860 368
37972 376
38084 384
38196 387
38308 391
38420 399
38532 412
38644 415
38756 430
38876 440
38988 448
39100 455
39212 463
39324 476
39436 483
39548 496
39664 504
39776 512
39892 519
40004 527
40116 540
40228 543
40344 551
40456 560
40568 568
40680 572
40792 575
40908 575
41024 583
41136 590
41248 591
41360 591
41472 595
41584 600
41696 600
41808 600
41928 600
42040 591
42152 591
42264 591
42376 583
42488 575
42600 575
42712 574
42824 568
42936 560
43056 551
43168 543
43280 540
43392 527
43504 519
43616 512
43728 504
43840 496
43952 483
44072 480
44184 463
44296 455
44408 448
44520 440
44632 432
44744 419
44856 412
44968 408
45088 391
45200 387
45312 384
45424 376
45536 368
45648 359
45760 353
45872 352
45988 348
46104 344
46216 339
46328 335
46440 335
46552 335
46664 335
46780 335
46892 335
47004 335
47120 335
47232 344
47344 348
47460 352
47572 353
47684 359
47796 368
47908 376
48020 384
48136 385
48252 391
48364 399
48476 412
48588 415
48700 428
48812 440
48924 448
49036 455
49156 463
49268 472
49380 481
49492 492
49604 504
49716 511
49828 519
49940 527
50052 536
50172 543
50284 551
50396 560
50508 568
50620 572
50732 575
50844 575
50956 583
51068 590
51188 591
51300 591
51412 600
51524 600
51636 600
51748 600
51860 600
51976 591
52088 591
52204 590
52316 583
52428 575
52540 575
52656 572
52768 568
52880 560
52992 551
53104 543
53220 540
53336 527
53448 519
53560 512
53672 504
53784 496
53896 487
54008 480
54120 472
54240 455
54352 448
54464 440
54576 432
54688 419
54800 414
54912 408
55024 398
55136 387
55256 384
55368 384
55480 368
55592 359
55704 355
55816 352
55928 348
56040 344
56152 344
56272 335
56384 335
56496 335
56608 335
56720 335
56832 335
56944 335
57056 339
57172 344
57288 348
57400 352
57512 353
57624 359
57736 368
57856 376
57968 384
58080 385
58196 391
58308 399
58420 412
58532 415
58644 428
58756 440
58868 448
58980 455
59092 463
59212 476
59324 483
59436 494
59548 504
59660 511
59772 519
59884 527
59996 536
60112 543
60228 551
60340 560
60452 568
60564 572
60676 575
60788 575
60904 583
61016 590
61128 591
61244 595
61356 600
61468 600
61584 600
61696 600
61808 600
61920 600
62032 591
62144 591
62260 588
62376 583
62488 575
62600 575
62712 568
62824 561
62936 556
63048 543
63160 542
63280 536
63392 526
63504 515
63616 508
63728 497
63840 487
63952 480
64064 472
64176 462
64296 449
64408 448
64520 432
64632 423
64744 415
64856 408
64968 399
65080 391
65192 384
65312 384
65424 368
65536 359
65648 355
65760 352
65872 352
65984 344
66100 344
66212 335
66328 335
66440 335
66552 335
66664 335
66780 335
66892 335
67004 335
67116 344
67228 348
67344 352
67460 353
67572 359
67684 368
67796 369
67908 384
68020 384
68132 391
68244 399
68364 408
68476 415
68588 423
68700 433
68812 448
68924 451
69036 463
69148 472
69260 480
69380 487
69492 504
69604 510
69716 515
69828 527
69940 536
70052 543
70164 547
70276 558
70396 568
70508 568
70620 575
70732 575
70844 583
70956 590
71068 591
71180 591
71296 600
71412 600
71524 600
71636 600
71748 600
71860 591
71976 591
72088 591
72200 583
72312 575
72428 575
72540 574
72656 568
72768 560
72880 556
72992 543
73104 540
73216 531
73328 524
73440 513
73556 508
73668 496
73780 487
73892 480
74004 472
74116 460
74228 449
74340 448
74452 432
74572 423
74684 415
74796 408
74908 398
75020 387
75132 384
75244 384
75356 368
75468 359
75588 355
75700 352
75812 348
75924 344
76036 344
76148 335
76260 335
76376 335
76488 335
76604 335
76716 335
76828 335
76940 335
77056 344
77168 344
77280 352
77392 352
77504 359
77620 368
77736 371
77848 384
77960 384
78072 391
78184 399
78296 408
78408 415
78520 423
78640 435
78752 448
78864 451
78976 463
79088 472
79200 480
79312 492
79424 504
79536 510
79656 519
79768 527
79880 536
79992 543
80104 547
80216 558
80328 563
80440 572
80552 575
80672 575
80784 583
80896 591
81008 591
81120 600
81232 600
81344 600
81456 600
81572 600
81688 600
81800 600
81912 595
82024 591
82136 590
82252 583
82364 575
82476 575
82588 568
82704 561
82816 558
82932 547
83044 543
83156 536
83268 526
83380 515
83492 508
83604 497
83724 487
83836 480
83948 472
84060 462
84172 451
84284 448
84396 432
84508 423
84620 415
84740 408
84852 399
84964 391
85076 384
85188 384
85300 368
85412 359
85524 355
85636 352
85756 352
85868 344
85980 344
86092 335
86204 335
86316 335
86428 335
86540 335
86652 335
86764 335
86876 335
86992 344
87104 344
87216 352
87328 352
87440 355
87556 359
87668 368
87780 384
87892 384
88008 391
88120 399
88232 408
88348 415
88460 423
88572 432
88684 440
88796 448
88908 455
89024 472
89140 480
89252 487
89364 496
89476 508
89588 513
89700 524
89812 531
89924 540
90044 543
90156 551
90268 560
90380 568
90492 574
90604 575
90716 575
90828 583
90940 591
91060 591
91172 591
91284 600
91396 600
91508 600
91620 600
91732 595
91844 591
91956 591
92068 588
92188 583
92300 575
92412 575
92524 572
92636 568
92748 560
92860 551
92976 543
93088 536
93204 527
93316 515
93428 510
93540 504
93652 492
93764 481
93876 472
93988 463
94100 451
94220 448
94332 435
94444 423
94556 415
94668 408
94780 399
94896 391
95008 384
95120 384
95236 369
95348 364
95460 359
95576 352
95688 352
95800 344
95912 344
96024 335
96136 335
96252 335
96368 335
96480 334
96592 335
96704 335
96816 335
96928 339
97040 344
97152 348
97272 352
97384 355
97496 359
97608 368
97720 384
97832 384
97944 387
98056 398
98168 408
98288 415
98400 423
98512 432
98624 440
98736 449
98848 455
98960 472
99072 480
99184 487
99304 496
99416 504
99528 513
99640 524
99752 531
99864 540
99976 543
100092 551
100204 560
100320 568
100432 574
100544 575
100656 575
100772 588
100884 591
100996 591
101108 593
101220 600
101336 600
101452 600
101564 600
101676 600
101788 591
101900 591
102012 591
102124 583
102236 575
102356 575
102468 572
102580 568
102692 560
102804 551
102916 543
103028 536
103140 527
103252 519
103372 511
103484 504
103596 492
103708 481
103820 472
103932 463
104044 455
104156 448
104268 440
104388 423
104500 415
104612 412
104724 399
104836 391
104948 384
105060 384
105172 376
105288 368
105404 359
105516 353
105628 352
105740 348
105852 344
105968 337
106080 335
106192 335
106304 335
106420 335
106532 335
106648 335
106760 335
106872 344
106984 344
107096 352
107208 352
107320 355
107440 359
107552 368
107664 384
107776 384
107888 387
108000 398
108112 408
108224 414
108336 419
108448 432
108568 440
108680 448
108792 455
108904 463
109016 480
109128 483
109240 496
109352 504
109464 512
109584 519
109696 527
109808 536
109920 543
110032 551
110144 560
110256 568
110368 572
110484 575
110600 575
110712 583
110824 590
110936 591
111048 591
111164 595
111276 600
111388 600
111500 600
111616 595
111728 591
111844 591
111956 590
112068 583
112180 575
112292 575
112404 572
112516 568
112636 560
112748 551
112860 543
112972 536
113084 527
113196 519
113308 511
113420 504
113532 496
113652 483
113764 476
113876 463
113988 455
114100 448
114212 440
114324 432
114436 419
114548 412
114668 399
114780 391
114892 387
115004 384
115116 376
115228 368
115340 359
115452 355
115564 352
115684 348
115796 344
115916 335
116028 335
116140 335
116252 335
116364 335
116476 335
116588 335
116700 335
116812 339
116932 344
117044 348
117156 352
117268 355
117380 359
117492 368
117604 376
117716 384
117828 385
117948 391
118060 403
118172 412
118284 419
118396 432
118508 440
118620 448
118732 455
118848 463
118964 480
119076 483
119188 496
119300 504
119412 512
119528 519
119640 527
119752 536
119864 543
119980 551
120092 560
120208 568
120320 572
120432 575
120544 575
120656 583
120768 590
120880 591
121000 591
121112 600
121224 600
121336 600
121448 600
121560 600
121672 591
121784 591
121896 590
122016 583
122128 575
122240 575
122352 572
122464 568
122576 560
122688 551
122800 543
122912 540
123032 527
123144 519
123256 512
123368 504
123480 496
123592 483
123704 480
123816 463
123928 455
124048 448
124160 440
124272 430
124384 419
124496 412
124608 399
124724 391
124836 385
124948 384
125064 376
125176 368
125288 359
125404 353
125516 352
125628 348
125740 344
125852 339
125964 335
126080 335
126196 335
126308 335
126420 335
126532 335
126644 335
126756 337
126868 344
126980 348
127100 352
127212 353
127324 359
127436 368
127548 376
127660 384
127772 385
127884 391
127996 399
128108 412
128228 419
128340 430
128452 440
128564 448
128676 455
128788 463
128900 476
129012 483
129124 494
129244 504
129356 512
129468 519
129580 527
129692 536
129804 543
129920 551
130032 560
130144 568
130260 572
130372 575
130484 575
130600 583
130712 590
130824 591
130936 591
131048 600
131160 600
131276 600
131392 600
131504 600
131616 591
131728 591
131840 590
131952 583
132064 575
132176 575
132296 572
132408 568
132520 560
132632 551
132744 543
132856 540
132968 527
133080 519
133192 512
133312 504
133424 496
133536 483
133648 480
133760 463
133872 455
133984 448
134096 440
134208 432
134328 419
134440 412
134552 403
134664 391
134776 387
134888 384
135000 376
135116 368
135228 359
135344 353
135456 352
135568 348
135680 344
135796 335
135908 335
136020 335
136132 335
136244 334
136360 335
136476 335
136588 335
136700 335
136812 344
136924 344
137036 352
137148 353
137260 359
137380 368
137492 376
137604 384
137716 385
137828 391
137940 399
138052 412
138164 415
138276 423
138396 440
138508 448
138620 455
138732 463
138844 476
138956 481
139068 494
139180 504
139292 511
139412 519
139524 527
139636 536
139748 543
139860 551
139972 560
140084 568
140196 572
140312 575
140428 575
140540 583
140652 590
140764 591
140876 591
140992 595
141104 600
141216 600
141328 600
141444 600
141556 591
141672 591
141784 591
141896 583
142008 575
142120 575
142232 574
142344 568
142464 560
142576 551
142688 543
142800 540
142912 527
143024 519
143136 513
143248 504
143360 496
143472 487
143592 480
143704 467
143816 455
143928 448
144040 440
144152 432
144264 419
144376 414
144488 408
144600 398
144712 387
144824 384
144936 384
145048 368
145168 359
145280 355
145392 352
145504 348
145616 344
145728 339
145840 335
145952 335
146068 335
146184 335
146296 335
146408 335
146520 335
146632 335
146748 344
146860 344
146972 352
147084 353
147200 359
147312 368
147428 371
147540 384
147652 384
147764 391
147876 399
147988 408
148100 415
148220 423
148332 435
148444 448
148556 451
148668 463
148780 472
148892 480
149004 487
149116 504
149236 510
149348 519
149460 527
149572 536
149684 543
149796 547
149908 558
150020 563
150132 568
150252 575
150364 575
150476 583
150588 590
150700 591
150812 591
150924 595
151036 600
151148 600
151264 600
151380 600
151492 595
151604 591
151716 591
151828 583
151944 575
152056 575
152168 574
152280 568
152396 561
152508 551
152624 543
152736 542
152848 536
152960 524
153072 513
153184 508
153296 496
153416 487
153528 480
153640 472
153752 462
153864 449
153976 448
154088 432
154200 423
154312 415
154432 408
154544 399
154656 387
154768 384
154880 384
154992 368
155104 359
155216 355
155328 352
155448 348
155560 344
155672 339
155784 335
155896 335
156008 335
156120 335
156232 335
156344 335
156464 335
156576 335
156688 344
156800 344
156912 352
157024 352
157140 359
157252 364
157364 369
157480 384
157592 384
157704 391
157820 399
157932 408
158044 415
158156 423
158268 432
158380 448
158496 451
158612 462
158724 472
158836 480
158948 487
159060 497
159172 508
159284 515
159396 526
159516 536
159628 542
159740 543
159852 556
159964 561
160076 568
160188 575
160300 575
160412 575
160532 583
160644 591
160756 591
160868 591
160980 600
161092 600
161204 600
161316 600
161428 593
161548 591
161660 591
161772 583
161884 583
161996 575
162108 575
162220 568
162336 561
162448 556
162564 543
162676 542
162788 536
162900 526
163016 515
163128 508
163240 497
163352 487
163464 480
163580 472
163696 462
163808 451
163920 448
164032 432
164144 423
164256 415
164368 408
164480 399
164600 391
164712 384
164824 384
164936 368
165048 364
165160 355
165272 352
165384 352
165496 344
165616 344
165728 335
165840 335
165952 335
166064 335
166176 335
166288 335
166400 335
166512 335
166624 344
166744 344
166856 352
166968 352
167080 359
167192 359
167304 368
167416 384
167528 384
167644 391
167760 399
167872 408
167984 415
168096 423
168208 432
168320 448
168432 451
168544 462
168656 472
168776 480
168888 487
169000 497
169112 508
169224 515
169336 526
169448 536
169564 542
169676 547
169792 556
169904 563
170016 568
170128 575
170244 575
170356 583
170468 588
170580 591
170692 591
170808 600
170924 600
171036 600
171148 600
171260 600
171372 600
171484 591
171596 591
171708 590
171828 583
171940 575
172052 575
172164 572
172276 568
172388 560
172500 551
172612 543
172724 536
172844 527
172956 515
173068 510
173180 504
173292 487
173404 480
173520 472
173632 463
173744 451
173860 448
173972 433
174084 423
174200 415
174312 408
174424 399
174540 391
174652 384
174764 384
174876 369
174988 364
175100 359
175212 352
175332 352
175444 344
175556 344
175668 335
175780 335
175892 335
176004 335
176116 334
176228 335
176348 335
176460 335
176572 344
176684 344
176796 348
176908 352
177020 355
177132 359
177244 368
177364 384
177476 384
177588 387
177700 398
177812 408
177924 414
178036 423
178148 432
178260 440
178380 448
178492 455
178604 472
178716 480
178828 487
178940 496
179056 504
179168 512
179280 519
179396 531
179508 540
179620 543
179736 551
179848 560
179960 568
180072 572
180184 575
180296 575
180412 583
180528 590
180640 591
180752 591
180864 600
180976 600
181088 600
181200 600
181312 600
181432 591
181544 591
181656 588
181768 583
181880 575
181992 575
182104 572
182216 568
182328 560
182448 551
182560 543
182672 536
182784 527
182896 519
183008 511
183120 504
183232 492
183344 481
183464 472
183576 463
183688 455
183800 448
183912 440
184024 423
184136 415
184252 412
184364 399
184480 391
184592 384
184704 384
184816 371
184932 368
185044 359
185156 353
185268 352
185380 344
185496 344
185612 335
185724 335
185836 335
185948 335
186060 335
186172 335
186284 335
186396 335
186516 344
186628 344
186740 348
186852 352
186964 355
187076 359
187188 368
187300 376
187412 384
187532 387
187644 398
187756 408
187868 414
187980 419
188092 432
188204 440
188316 448
188428 455
188548 467
188660 480
188772 487
188884 496
188996 504
189108 512
189220 519
189332 527
189448 540
189564 543
189676 551
189788 560
189900 568
190012 572
190128 575
190240 575
190352 583
190464 590
190580 591
190692 591
190808 600
190920 600
191032 600
191144 600
191256 600
191368 591
191480 591
191592 590
191708 583
191820 575
191932 575
192044 572
192156 568
192268 560
192380 551
192492 543
192604 536
192724 527
192836 519
192948 511
193060 504
193172 496
193284 483
193396 476
193508 463
193624 455
193740 448
193852 440
193964 428
194076 415
194188 412
194300 399
194412 391
194528 385
194640 384
194756 376
194868 368
194980 359
195092 353
195204 352
195320 344
195432 344
195544 335
195656 335
195772 335
195884 335
196000 334
196112 335
196224 335
196336 335
196448 339
196560 344
196672 348
196792 352
196904 353
197016 359
197128 368
197240 376
197352 384
197464 385
197576 391
197688 399
197808 412
197920 415
198032 430
198144 440
198256 448
198368 455
198480 463
198592 476
198704 483
198824 496
198936 504
199048 512
199160 519
199272 527
199384 536
199496 543
199608 551
199720 560
199840 568
199952 572
200064 575
200176 575
200288 583
200400 590
200516 591
200628 591
200740 595
200856 600
200968 600
201080 600
201196 600
201308 591
201420 591
201532 590
201644 583
201756 575
201872 575
201988 572
202100 568
202212 560
202324 551
202436 543
202548 540
202660 527
202780 519
202892 512
203004 504
203116 496
203228 483
203340 476
203452 463
203564 455
203676 448
203796 440
203908 430
204020 415
204132 412
204244 399
204356 391
204468 385
204580 384
204692 376
204812 368
204924 359
205036 353
205148 352
205260 348
205372 344
205484 337
205596 335
205708 335
205828 335
205940 335
206052 335
206164 335
206276 335
206388 339
206504 344
206616 348
206728 352
206844 353
206956 359
207068 368
207184 376
207296 384
207408 385
207520 391
207632 399
207744 412
207860 419
207976 430
208088 440
208200 448
208312 455
208424 463
208536 476
208648 483
208760 494
208880 504
208992 512
209104 519
209216 527
209328 536
209440 543
209552 551
209664 560
209776 568
209888 572
210008 575
210120 575
210232 583
210344 590
210456 591
210568 591
210680 600
210792 600
210904 600
211024 600
211136 600
211248 591
211360 591
211472 590
211584 583
211700 575
211812 575
211924 572
212040 568
212152 560
212264 551
212380 543
212492 536
212604 527
212716 519
212828 512
212940 504
213056 496
213172 483
213284 480
213396 463
213508 455
213620 448
213732 440
213844 432
213956 419
214076 412
214188 403
214300 391
214412 387
214524 384
214636 376
214748 368
214860 359
214972 353
215092 352
215204 348
215316 344
215428 335
215540 335
215652 335
215764 335
215876 334
215988 335
216108 335
216220 335
216332 335
216444 344
216556 344
216668 352
216780 353
216896 359
217008 368
217124 376
217236 384
217348 385
217460 391
217576 399
217688 412
217800 415
217912 428
218024 440
218140 448
218256 455
218368 463
218480 476
218592 481
218704 494
218816 504
218928 511
219040 519
219160 527
219272 536
219384 543
219496 551
219608 560
219720 568
219832 572
219944 575
220056 575
220176 583
220288 590
220400 591
220512 591
220624 595
220736 600
220848 600
220960 600
221072 600
221192 591
221304 591
221416 591
221528 583
221640 575
221752 575
221864 574
221976 568
222092 560
222208 551
222320 543
222432 540
222544 529
222656 519
222772 513
222884 508
222996 496
223108 487
223224 480
223336 472
223452 455
223564 448
223676 440
223788 432
223900 423
224012 414
224124 408
224244 398
224356 387
224468 384
224580 376
224692 368
224804 359
224916 355
225028 352
225140 348
225252 344
225372 344
225484 335
225596 335
225708 335
225820 335
225932 335
226044 335
226156 335
226268 335
226388 344
226500 348
226612 352
226724 353
226836 359
226948 368
227060 371
227172 384
227284 384
227404 391
227516 399
227628 412
227740 415
227852 423
227964 435
228076 448
228188 451
228300 463
228420 472
228532 481
228644 492
228756 504
228868 510
228980 519
229092 527
229208 536
229320 543
229436 551
229548 558
229660 568
229772 572
229888 575
230000 575
230112 583
230224 588
230336 591
230452 591
230568 600
230680 600
230792 600
230904 600
231016 600
231128 591
231240 591
