4 824
716 816
1432 799
2148 798
2856 796
3572 796
4288 792
5004 792
5716 792
6432 792
7148 792
7860 783
8576 783
9292 783
10004 782
10720 780
11436 775
12152 780
12860 783
13576 796
14292 799
15004 816
15720 824
16436 824
17148 830
17864 831
18580 831
19296 828
20004 824
20720 816
21436 807
22148 799
22864 798
23580 796
24292 796
25008 792
25724 792
26432 792
27148 792
27864 792
28580 783
29292 783
30008 783
30724 782
31436 780
32152 782
32868 792
33576 798
34292 807
35008 816
35724 824
36436 828
37152 831
37868 831
38580 831
39296 830
40012 824
40720 816
41436 807
42152 799
42868 799
43580 798
44296 796
45012 796
45724 792
46440 792
47156 792
47864 792
48580 792
49296 783
50012 783
50724 783
51440 782
52156 783
52868 792
53584 799
54300 807
55008 816
55724 824
56440 830
57152 831
57868 831
58584 831
59300 831
60012 824
60728 816
61444 807
62152 799
62868 799
63584 798
64296 796
65012 796
65728 796
66444 792
67156 792
67872 792
68588 792
69296 783
70012 783
70728 783
71440 782
72156 783
72872 792
73588 799
74300 807
75016 816
75732 824
76440 830
77156 831
77872 831
78584 831
79300 831
80016 825
80728 816
81444 807
82160 799
82876 799
83584 798
84300 796
85016 796
85728 792
86444 792
87160 792
87872 792
88588 792
89304 783
90020 783
90728 783
91444 782
92160 783
92872 792
93588 799
94304 807
95016 816
95732 824
96448 830
97164 831
97876 831
98592 831
99308 830
100016 824
100732 816
101448 807
102160 799
102876 799
103592 798
104308 796
105020 796
105736 792
106452 792
107160 792
107876 792
108592 792
109304 783
110020 783
110736 783
111444 780
112164 783
112880 792
113596 799
114304 807
115020 816
115736 824
116448 830
117164 831
117880 831
118588 831
119308 830
120024 824
120740 816
121448 807
122164 799
122880 799
123592 798
124308 796
125024 796
125732 792
126452 792
127168 792
127884 792
128592 792
129308 783
130024 783
130736 783
131452 780
132168 783
132876 792
133596 799
134312 807
135028 816
135736 824
136452 830
137168 831
137880 831
138596 831
139312 830
140020 824
140740 816
141456 807
142164 799
142880 799
143596 798
144312 796
145024 796
145740 792
146456 792
147164 792
147884 792
148600 792
149308 783
150024 783
150740 783
151456 782
152168 783
152884 792
153600 799
154308 807
155028 817
155744 824
156452 830
157168 831
157884 831
158600 831
159312 830
160028 824
160744 816
161452 807
162172 799
162888 799
163596 798
164312 796
165028 796
165744 796
166456 792
167172 792
167888 792
168596 792
169316 783
170032 783
170740 783
171456 782
172172 783
172884 792
173600 799
174316 807
175032 817
175740 824
176460 830
177176 831
177884 831
178600 831
179316 830
180028 824
180744 816
181460 807
182176 799
4 880
716 896
1432 897
2148 903
2860 910
3576 911
4292 920
5008 920
5716 911
6432 910
7152 903
7860 896
8576 896
9292 888
10004 881
10720 880
11436 880
12152 880
12864 880
13580 878
14296 876
15004 876
15720 871
16436 871
17148 867
17864 867
18580 867
19296 876
20008 888
20724 896
21440 903
22148 910
22864 911
23580 920
24292 920
25008 920
25724 920
26436 911
27152 903
27868 896
28584 896
29292 896
30008 896
30724 888
31436 888
32152 888
32868 881
33580 880
34296 880
35012 880
35728 878
36436 876
37152 871
37868 871
38580 871
39296 880
40012 896
40724 897
41440 908
42156 911
42872 920
43580 924
44296 926
45012 926
45724 924
46440 920
47156 911
47868 899
48584 896
49300 896
50016 896
50724 896
51440 896
52156 896
52868 896
53584 888
54300 888
55012 888
55728 881
56444 880
57152 880
57868 880
58584 880
59300 896
60012 896
60728 903
61444 911
62156 920
62872 926
63588 927
64296 927
65012 927
65728 927
66444 920
67156 911
67872 903
68588 897
69300 896
70016 896
70732 896
71440 896
72156 896
72872 896
73588 896
74300 896
75016 896
75732 888
76444 888
77160 881
77876 880
78584 888
79300 896
80016 899
80732 908
81444 920
82160 924
82876 927
83588 931
84304 935
85020 935
85728 927
86444 926
87160 920
87872 910
88588 903
89304 899
90020 897
90732 896
91448 896
92164 896
92872 896
93588 896
94304 896
95016 896
95732 896
96448 896
97164 896
97876 888
98592 896
99308 896
100016 903
100736 911
101452 924
102160 927
102876 931
103592 935
104308 940
105020 940
105736 935
106452 927
107160 924
107880 911
108596 903
109304 903
110020 903
110736 899
111452 899
112164 897
112880 896
113596 896
114304 896
115024 896
115740 896
116448 896
117164 896
117880 896
118592 896
119308 897
120024 903
120740 911
121448 924
122168 927
122884 935
123592 937
124308 942
125024 942
125736 935
126452 927
127168 924
127884 911
128592 908
129312 903
130028 903
130736 903
131452 899
132168 899
132880 897
133596 896
134312 896
135028 896
135736 896
136456 896
137172 896
137880 896
138596 896
139312 899
140024 908
140740 920
141456 926
142164 931
142880 935
143600 940
144316 944
145024 944
145740 940
146456 935
147168 927
147884 920
148600 911
149308 910
150024 908
150740 903
151456 903
152168 903
152884 899
153600 899
154312 897
155028 896
155744 896
156452 896
157168 896
157884 896
158600 896
159312 903
160028 911
160744 920
161456 927
162172 935
162888 940
163596 944
164312 945
165028 944
165744 940
166456 935
167172 927
167888 920
168600 911
169316 911
170032 910
170740 908
171456 908
172172 903
172884 903
173600 903
174316 899
175032 899
175744 896
176460 896
177176 896
177884 896
178604 896
179320 903
180028 911
180744 920
181460 927
182176 935
4 856
716 856
1432 856
2148 856
2856 847
3572 847
4288 847
5004 847
5716 846
6432 844
7148 839
7860 839
8576 839
9292 846
10004 856
10720 864
11436 871
12152 880
12860 896
13576 896
14292 896
15004 896
15720 896
16436 896
17148 880
17864 871
18580 864
19296 864
20004 860
20720 860
21436 857
22148 856
22864 856
23580 856
24292 856
25008 856
25724 847
26432 847
27148 847
27864 844
28580 846
29292 847
30008 860
30724 867
31436 880
32152 888
32868 896
33576 896
34292 899
35008 899
35724 896
36436 896
37152 888
37868 880
38580 867
39296 864
40012 864
40720 864
41436 864
42152 864
42868 860
43580 860
44296 856
45012 856
45724 856
46440 856
47156 847
47864 847
48580 847
49296 856
50012 864
50724 871
51440 881
52156 896
52868 896
53584 899
54300 903
55008 903
55724 899
56440 896
57152 896
57868 880
58584 871
59300 867
60012 865
60728 864
61444 864
62152 864
62868 864
63584 864
64296 860
65012 860
65728 856
66444 856
67156 856
67872 856
68588 856
69296 860
70012 867
70728 880
71440 896
72156 896
72872 899
73588 903
74300 908
75016 910
75732 903
76440 899
77156 896
77872 888
78584 878
79300 871
80016 871
80728 871
81444 867
82160 865
82876 864
83584 864
84300 864
85016 864
85728 864
86444 860
87160 856
87872 856
88588 856
89304 864
90020 871
90728 880
91444 896
92160 897
92872 903
93588 903
94304 910
95016 911
95732 908
96448 903
97164 896
97876 896
98592 880
99308 878
100016 876
100732 871
101448 871
102160 871
102876 867
103592 867
104308 865
105020 864
105736 864
106452 864
107160 864
107876 860
108592 864
109304 865
110020 876
110736 888
111444 896
112164 903
112880 908
113596 911
114304 911
115020 911
115736 910
116448 903
117164 896
117880 896
118588 880
119308 880
120024 880
120740 876
121448 876
122164 871
122880 871
123592 871
124308 867
125024 867
125732 864
126452 864
127168 864
127884 864
128592 864
129308 867
130024 880
130736 896
131452 896
132168 903
132876 910
133596 911
134312 920
135028 920
135736 911
136452 908
137168 899
137880 896
138596 888
139312 881
140020 880
140740 880
141456 880
142164 878
142880 876
143596 871
144312 871
145024 871
145740 867
146456 865
147164 864
147884 864
148600 864
149308 871
150024 880
150740 896
151456 899
152168 903
152884 911
153600 911
154308 920
155028 920
155744 911
156452 910
157168 902
157884 896
158600 888
159312 888
160028 881
160744 880
161452 880
162172 880
162888 880
163596 876
164312 876
165028 876
165744 871
166456 871
167172 867
167888 865
168596 867
169316 876
170032 888
170740 896
171456 903
172172 910
172884 911
173600 920
174316 920
175032 920
175740 920
176460 911
177176 903
177884 896
178600 896
179316 896
180028 888
180744 888
181460 888
182176 881
4 880
716 896
1432 896
2148 903
2860 911
3576 920
4292 920
5008 924
5716 920
6432 920
7152 911
7860 903
8576 896
9292 896
10004 896
10720 896
11436 888
12152 888
12864 888
13580 881
14296 880
15004 880
15720 880
16436 878
17148 876
17864 871
18580 871
19296 880
20008 888
20724 896
21440 903
22148 911
22864 920
23580 924
24292 927
25008 927
25724 927
26436 924
27152 920
27868 908
28584 897
29292 896
30008 896
30724 896
31436 896
32152 896
32868 896
33580 896
34296 896
35012 888
35728 888
36436 881
37152 880
37868 880
38580 880
39296 888
40012 896
40724 899
41440 911
42156 920
42872 926
43580 927
44296 927
45012 935
45724 927
46440 927
47156 920
47868 911
48584 903
49300 897
50016 896
50724 896
51440 896
52156 896
52868 896
53584 896
54300 896
55012 896
55728 896
56444 896
57152 888
57868 888
58584 888
59300 896
60012 896
60728 903
61444 911
62156 924
62872 927
63588 931
64296 935
65012 935
65728 935
66444 927
67156 924
67872 920
68588 908
69300 903
70016 899
70732 899
71440 896
72156 896
72872 896
73588 896
74300 896
75016 896
75732 896
76444 896
77160 896
77876 896
78584 896
79300 896
80016 899
80732 910
81444 920
82160 927
82876 931
83588 935
84304 940
85020 944
85728 940
86444 935
87160 927
87872 920
88588 911
89304 908
90020 903
90732 903
91448 903
92164 899
92872 897
93588 896
94304 896
95016 896
95732 896
96448 896
97164 896
97876 896
98592 896
99308 896
100016 903
100736 911
101452 920
102160 927
102876 935
103592 940
104308 944
105020 944
105736 944
106452 935
107160 927
107880 924
108596 911
109304 910
110020 908
110736 908
111452 903
112164 903
112880 903
113596 899
114304 897
115024 896
115740 896
116448 896
117164 896
117880 896
118592 896
119308 896
120024 903
120740 911
121448 924
122168 927
122884 935
123592 940
124308 944
125024 945
125736 944
126452 940
127168 927
127884 924
128592 911
129312 911
130028 910
130736 908
131452 903
132168 903
132880 903
133596 899
134312 899
135028 897
135736 896
136456 896
137172 896
137880 896
138596 896
139312 896
140024 903
140740 911
141456 924
142164 927
142880 935
143600 940
144316 944
145024 945
145740 944
146456 940
147168 931
147884 924
148600 920
149308 911
150024 910
150740 910
151456 908
152168 903
152884 903
153600 903
154312 899
155028 899
155744 896
156452 896
157168 896
157884 896
158600 896
159312 897
160028 903
160744 911
161456 924
162172 931
162888 935
163596 942
164312 944
165028 945
165744 944
166456 940
167172 931
167888 924
168600 920
169316 911
170032 911
170740 910
171456 908
172172 903
172884 903
173600 903
174316 899
175032 899
175744 896
176460 896
177176 896
177884 896
178604 896
179320 897
180028 908
180744 920
181460 926
182176 934
4 856
716 856
1432 856
2148 856
2856 856
3572 856
4288 847
5004 847
5716 847
6432 846
7148 844
7860 839
8576 839
9292 844
10004 847
10720 860
11436 867
12152 880
12860 888
13576 896
14292 896
15004 896
15720 896
16436 896
17148 896
17864 880
18580 871
19296 864
20004 864
20720 864
21436 864
22148 860
22864 860
23580 856
24292 856
25008 856
25724 856
26432 856
27148 847
27864 847
28580 847
29292 847
30008 856
30724 864
31436 876
32152 888
32868 896
33576 896
34292 899
35008 903
35724 899
36436 896
37152 896
37868 888
38580 876
39296 871
40012 867
40720 865
41436 864
42152 864
42868 864
43580 864
44296 860
45012 860
45724 857
46440 856
47156 856
47864 856
48580 847
49296 856
50012 864
50724 871
51440 880
52156 896
52868 896
53584 899
54300 903
55008 908
55724 903
56440 899
57152 896
57868 896
58584 880
59300 871
60012 871
60728 867
61444 867
62152 865
62868 864
63584 864
64296 864
65012 864
65728 864
66444 860
67156 856
67872 856
68588 856
69296 860
70012 864
70728 876
71440 888
72156 896
72872 899
73588 903
74300 908
75016 911
75732 908
76440 903
77156 897
77872 896
78584 881
79300 876
80016 876
80724 871
81444 871
82160 871
82876 867
83584 865
84300 864
85016 864
85728 864
86444 864
87160 860
87868 860
88588 856
89304 864
90020 867
90728 880
91444 896
92160 896
92872 903
93588 903
94304 910
95016 911
95732 911
96448 903
97164 899
97876 896
98592 888
99308 880
100016 880
100732 876
101448 876
102160 871
102876 871
103592 870
104308 867
105020 865
105736 864
106452 864
107160 864
107876 864
108592 864
109304 864
110020 871
110736 880
111444 896
112164 897
112880 903
113596 910
114304 911
115020 911
115736 911
116448 908
117164 903
117880 896
118588 888
119304 880
120020 880
120740 880
121448 878
122164 876
122880 876
123592 871
124308 871
125024 871
125732 867
126448 865
127164 864
127884 864
128592 864
129308 865
130024 871
130736 881
131452 896
132168 899
132876 903
133592 910
134312 911
135028 920
135736 911
136452 910
137168 903
137880 896
138596 896
139312 881
140020 880
140736 880
141452 880
142164 878
142880 876
143596 876
144312 871
145024 871
145740 871
146456 867
147164 865
147880 864
148596 864
149308 867
150024 876
150740 888
151456 896
152168 903
152884 908
153600 911
154308 920
155024 920
155740 920
156452 911
157168 908
157884 897
158600 896
159312 888
160028 888
160744 881
161452 880
162168 880
162884 880
163596 880
164312 876
165028 876
165744 871
166456 871
167172 871
167888 867
168596 865
169312 871
170028 880
170740 896
171456 897
172172 903
172884 911
173600 911
174316 920
175032 920
175740 920
176460 911
177176 908
177884 899
178600 896
179316 896
180028 888
180744 888
181460 888
182176 881
4 864
716 871
1432 880
2148 880
2856 888
3572 888
4288 880
5004 876
5716 867
6432 860
7148 856
7860 847
8576 847
9292 847
10004 846
10720 844
11436 844
12152 839
12860 839
13576 831
14292 831
15004 831
15720 831
16436 831
17148 831
17864 839
18580 847
19296 860
20004 865
20720 871
21436 880
22148 880
22864 888
23580 888
24292 880
25008 876
25724 867
26432 860
27148 856
27864 847
28580 847
29292 847
30008 846
30724 844
31436 839
32152 839
32868 839
33576 831
34292 831
35008 831
35724 831
36436 830
37152 831
37868 839
38580 847
39296 857
40012 865
40720 871
41436 878
42152 880
42868 888
43580 888
44296 880
45012 876
45724 867
46440 860
47156 856
47864 847
48580 847
49296 847
50012 846
50724 844
51440 839
52156 839
52868 831
53584 831
54300 831
55008 831
55724 831
56440 830
57152 831
57868 839
58584 847
59300 856
60012 865
60728 871
61444 878
62152 880
62868 888
63584 888
64296 880
65012 871
65728 865
66444 856
67156 847
67872 847
68588 847
69296 846
70012 844
70728 844
71440 839
72156 839
72872 831
73588 831
74300 831
75016 831
75732 831
76440 828
77156 831
77872 831
78584 847
79300 856
80016 864
80724 871
81444 878
82160 880
82876 888
83584 881
84300 880
85016 871
85728 864
86444 856
87160 847
87868 847
88588 846
89304 844
90020 844
90728 839
91444 839
92160 831
92872 831
93588 831
94304 831
95016 831
95732 830
96448 828
97164 831
97876 831
98592 847
99308 856
100016 864
100732 871
101448 876
102160 880
102876 881
103592 880
104308 880
105020 871
105736 864
106452 856
107160 847
107876 847
108592 846
109304 844
110020 839
110736 839
111444 831
112164 831
112880 831
113596 831
114304 831
115020 830
115736 828
116448 828
117164 831
117880 831
118588 847
119304 856
120020 864
120740 871
121448 876
122164 880
122880 881
123592 880
124308 876
125024 871
125732 864
126448 856
127164 847
127884 847
128592 844
129308 844
130024 839
130736 839
131452 831
132168 831
132876 831
133592 831
134312 831
135028 830
135736 828
136452 828
137168 831
137880 831
138596 847
139312 856
140020 864
140736 871
141452 876
142164 880
142880 881
143596 880
144312 876
145024 871
145740 864
146456 856
147164 847
147880 847
148596 844
149308 844
150024 839
150740 839
151456 831
152168 831
152884 831
153600 831
154308 831
155024 830
155740 828
156452 828
157168 831
157884 831
158600 847
159312 856
160028 864
160744 871
161452 876
162168 880
162884 881
163596 880
164312 876
165028 871
165744 864
166456 856
167172 847
167888 847
168596 846
169312 844
170028 839
170740 839
171456 831
172172 831
172884 831
173600 831
174316 831
175032 830
175740 828
176460 828
177176 831
177884 831
178600 847
179316 856
180028 864
180744 871
181460 876
182176 880
4 880
716 876
1432 876
2148 876
2860 871
3576 871
4292 867
5008 867
5716 867
6432 871
7152 880
7860 896
8576 899
9292 908
10004 911
10720 920
11436 920
12152 920
12864 920
13580 911
14296 908
15004 897
15720 896
16436 896
17148 896
17864 888
18580 888
19296 888
20008 881
20724 880
21440 880
22148 880
22864 880
23580 876
24292 871
25008 871
25724 871
26436 880
27152 896
27868 896
28584 903
29292 911
30008 920
30724 924
31436 926
32152 927
32868 924
33580 920
34296 911
35012 903
35728 896
36436 896
37152 896
37868 896
38580 896
39296 896
40012 896
40724 896
41440 888
42156 888
42872 881
43580 880
44296 880
45012 880
45724 880
46440 888
47156 896
47868 903
48584 911
49300 920
50016 924
50724 927
51440 927
52156 927
52868 927
53584 924
54300 920
55012 908
55728 899
56444 896
57152 896
57868 896
58584 896
59300 896
60012 896
60728 896
61444 896
62156 896
62872 896
63588 896
64296 888
65012 888
65728 888
66444 896
67156 899
67872 908
68588 920
69300 926
70016 927
70732 935
71440 935
72156 935
72872 934
73588 927
74300 924
75016 911
75732 903
76444 903
77160 899
77876 899
78584 896
79300 896
80016 896
80732 896
81444 896
82160 896
82876 896
83588 896
84304 896
85020 896
85728 896
86444 896
87160 903
87872 911
88588 920
89304 927
90020 931
90732 935
91448 940
92164 942
92872 935
93588 927
94304 924
95016 915
95732 908
96448 903
97164 903
97876 903
98592 899
99308 899
100016 896
100736 896
101452 896
102160 896
102876 896
103592 896
104308 896
105020 896
105736 896
106452 896
107160 903
107880 911
108596 924
109304 927
110020 935
110736 940
111452 944
112164 944
112880 940
113596 935
114304 927
115024 920
115740 911
116448 908
117164 908
117880 903
118592 903
119308 903
120024 899
120740 897
121448 896
122168 896
122884 896
123592 896
124308 896
125024 896
125736 896
126452 899
127168 908
127884 920
128592 927
129312 931
130028 940
130736 944
131452 945
132168 945
132880 944
133596 935
134312 927
135028 920
135736 911
136456 911
137172 908
137880 908
138596 903
139312 903
140024 903
140740 899
141456 897
142164 897
142880 896
143600 896
144316 896
145024 896
145740 896
146456 899
147168 910
147884 920
148600 927
149308 935
150024 940
150740 944
151456 945
152168 945
152884 944
153600 935
154312 927
155028 920
155744 911
156452 911
157168 910
157884 908
158600 908
159312 903
160028 903
160744 903
161456 899
162172 897
162888 896
163596 896
164312 896
165028 896
165744 896
166456 903
167172 911
167888 920
168600 927
169316 935
170032 940
170740 944
171456 945
172172 945
172884 944
173600 935
174316 927
175032 920
175744 911
176460 911
177176 910
177884 908
178604 908
179320 903
180028 903
180744 903
181460 899
182176 899
4 876
716 876
1432 871
2148 864
2856 856
3572 847
4288 839
5004 839
5716 831
6432 831
7148 831
7860 831
8576 831
9292 830
10004 828
10720 828
11436 824
12152 824
12860 824
13576 824
14292 825
15004 831
15720 839
16436 847
17148 860
17864 864
18580 871
19296 871
20004 876
20720 871
21436 867
22148 864
22864 856
23580 847
24292 839
25008 831
25724 831
26432 831
27148 831
27864 831
28580 831
29292 830
30008 828
30724 828
31436 824
32152 824
32868 824
33576 824
34292 824
35008 831
35724 839
36436 847
37152 860
37868 864
38580 867
39296 871
40012 876
40720 871
41436 867
42152 864
42868 856
43580 847
44296 839
45012 831
45724 831
46440 831
47156 831
47864 831
48580 830
49296 828
50012 828
50724 828
51440 824
52156 824
52868 824
53584 824
54300 824
55008 831
55724 839
56440 847
57152 860
57868 864
58584 871
59300 871
60012 876
60728 871
61444 867
62152 864
62868 856
63584 847
64296 839
65012 831
65728 831
66444 831
67156 831
67872 831
68588 830
69296 830
70012 828
70728 828
71440 824
72156 824
72872 824
73588 824
74300 824
75016 831
75732 839
76440 847
77156 860
77872 864
78584 867
79300 871
80016 876
80724 871
81444 867
82160 864
82876 856
83584 846
84300 839
85016 831
85728 831
86444 831
87160 831
87868 831
88588 830
89304 828
90020 828
90728 828
91444 824
92160 824
92872 824
93588 824
94304 824
95016 831
95732 839
96448 847
97164 860
97876 864
98592 867
99308 871
100016 876
100732 871
101448 867
102160 864
102876 856
103592 846
104308 839
105020 831
105736 831
106452 831
107160 831
107876 831
108592 830
109304 828
110020 828
110736 828
111444 824
112164 824
112880 824
113596 824
114304 824
115020 831
115736 839
116448 847
117164 860
117880 864
118588 867
119304 871
120020 871
120740 871
121448 865
122164 864
122880 856
123592 844
124308 839
125024 831
125732 831
126448 831
127164 831
127884 831
128592 830
129308 828
130024 828
130736 824
131452 824
132168 824
132876 824
133592 824
134312 824
135028 831
135736 839
136452 847
137168 860
137880 864
138596 867
139312 871
140020 871
140736 871
141452 865
142164 860
142880 856
143596 844
144312 831
145024 831
145740 831
146456 831
147164 831
147880 831
148596 828
149308 828
150024 828
150740 824
151456 824
152168 824
152884 824
153600 824
154308 828
155024 831
155740 839
156452 847
157168 860
157884 864
158600 867
159312 871
160028 871
160744 871
161452 865
162168 860
162884 847
163596 844
164312 831
165028 831
165744 831
166456 831
167172 831
167888 830
168596 828
169312 828
170028 825
170740 824
171456 824
172172 824
172884 824
173600 824
174316 824
175032 831
175740 839
176460 847
177176 860
177884 864
178600 867
179316 871
180028 871
180744 871
181460 864
182176 860
