4 96
316 92
632 88
948 88
1260 79
1572 79
1892 78
2204 71
2516 71
2828 67
3148 63
3460 63
3772 63
4092 63
4404 63
4716 60
5032 60
5348 56
5660 56
5976 56
6288 56
6600 56
6912 56
7232 49
7544 49
7856 49
8176 48
8488 48
8800 48
9120 48
9432 48
9744 48
10064 48
10376 48
10688 46
11000 46
11316 44
11632 71
11944 127
12260 177
12572 224
12884 255
13204 312
13516 348
13828 384
14148 415
14460 448
14772 473
15084 504
15404 526
15716 543
16028 568
16348 590
16660 608
16972 624
17288 639
17600 655
17916 670
18232 679
18544 696
18856 704
19168 716
19488 728
19800 736
20112 743
20432 768
20744 768
21056 768
21376 771
21688 775
22000 783
22316 792
22632 792
22944 798
23256 799
23572 799
23884 807
24200 814
24516 816
24828 817
25140 824
25460 824
25772 828
26084 830
26404 831
26716 831
27028 831
27340 831
27660 831
27972 839
28284 839
28600 839
28916 844
29228 844
29544 846
29856 847
30168 847
30484 847
30800 847
31112 847
31424 847
31744 847
32056 856
32368 856
32688 856
33000 856
33312 856
33632 856
33944 856
34256 856
34568 856
34884 856
35200 856
35512 831
35828 775
36140 728
36452 679
36772 636
37084 593
37396 558
37716 519
38028 487
38340 455
38652 432
38972 399
39284 384
39596 353
39916 334
40228 316
40540 295
40856 280
41172 255
41484 248
41800 231
42112 224
42424 207
42736 195
43056 188
43368 176
43680 167
44000 159
44312 152
44624 143
44944 135
45256 127
45568 124
45888 120
46200 112
46512 110
46824 103
47140 99
47456 96
47768 92
48084 88
48396 88
48708 79
49028 79
49340 78
49652 71
49972 71
50284 71
50596 63
50908 63
51228 63
51540 63
51852 62
52168 60
52484 60
52796 60
53112 56
53424 56
53736 56
54056 56
54368 56
54680 51
54992 49
55312 48
55624 49
55936 48
56256 48
56568 48
56880 48
57200 48
57512 48
57824 48
58140 48
58456 46
58768 46
59080 49
59396 110
59708 159
60020 207
60340 254
60652 295
60964 334
61284 369
61596 403
61908 433
62220 463
62540 492
62852 515
63164 540
63484 561
63796 575
64108 600
64424 615
64740 636
65052 639
65368 664
65680 675
65992 688
66304 704
66624 711
66936 719
67248 732
67568 739
67880 768
68192 768
68512 768
68824 768
69136 775
69456 782
69768 783
70080 792
70392 796
70708 799
71024 799
71336 807
71652 812
71964 816
72276 816
72596 824
72908 824
73220 824
73540 828
73852 830
74164 831
74476 831
74796 831
75108 831
75420 831
75740 839
76052 839
76364 839
76680 844
76992 846
77308 847
77624 847
77936 847
78248 847
78560 847
78880 847
79192 847
79504 847
79824 856
80136 856
