24 655
136 639
248 624
360 608
472 591
584 575
696 568
808 551
924 542
1040 527
1152 513
1264 504
1376 492
1488 480
1604 472
1716 455
1828 448
1940 440
2056 423
2168 415
2284 408
2396 399
2508 387
2620 384
2732 376
2844 364
2956 355
3076 348
3188 344
3300 334
3412 319
3524 319
3636 312
3748 304
3860 295
3972 287
4092 286
4204 280
4316 271
4428 255
4540 255
4652 255
4764 252
4876 248
4988 240
5100 255
5220 271
5332 287
5444 304
5556 316
5668 327
5780 344
5892 355
6004 368
6120 384
6236 391
6348 408
6460 415
6572 430
6684 440
6800 449
6912 460
7024 472
7136 480
7252 487
7364 499
7480 510
7592 515
7704 527
7816 536
7928 543
8040 551
8152 560
8272 568
8384 575
8496 575
8608 588
8720 591
8832 604
8944 608
9056 615
9168 620
9288 625
9400 632
9512 639
9624 639
9736 639
9848 655
9960 664
10072 647
10184 636
10304 620
10416 608
10528 591
10640 575
10752 561
10864 547
10976 536
11088 526
11200 512
11320 497
11432 487
11544 480
11656 463
11768 455
11880 448
11996 433
12108 423
12220 415
12336 408
12448 391
12560 385
12676 384
12788 368
12900 359
13012 352
13124 348
13236 335
13352 327
13468 319
13580 316
13692 312
13804 304
13916 295
14028 287
14140 284
14252 280
14372 271
14484 255
14596 255
14708 255
14820 248
14932 243
15044 248
15156 255
15268 275
15388 287
15500 305
15612 319
15724 335
15836 348
15948 359
16060 376
16172 384
16284 399
16404 412
16516 419
16628 432
16740 448
16852 451
16964 463
17076 472
17192 481
17304 494
17420 504
17532 511
17644 519
17756 527
17872 536
17984 543
18096 551
18208 560
18320 568
18436 575
18548 575
18664 590
18776 600
18888 604
19000 608
19112 615
19224 624
19336 632
19456 636
19568 639
19680 639
19792 639
19904 655
20016 664
20128 639
20240 632
20352 615
20464 600
20584 583
20696 572
20808 560
20920 543
21032 531
21144 519
21256 508
21368 496
21480 483
21600 472
21712 462
21824 449
21936 440
22048 432
22160 419
22272 412
22384 399
22496 391
22616 384
22728 384
22840 368
22952 359
23064 352
23176 344
23288 335
23400 327
23512 319
23632 312
23744 305
23856 295
23968 291
24080 287
24192 280
24304 271
24420 270
24532 255
24648 255
24760 252
24872 248
24984 241
25100 252
25212 255
25324 280
25436 295
25548 312
25664 319
25780 335
25892 352
26004 368
26116 384
26228 387
26340 399
26452 414
26564 423
26684 440
26796 448
26908 455
27020 467
27132 480
27244 487
27356 496
27468 508
27580 513
27700 524
27812 536
27924 542
28036 543
28148 558
28260 568
28372 572
28484 575
28596 583
28716 591
28828 600
28948 608
29060 611
29172 615
29284 624
29396 632
29508 636
29628 639
29740 639
29852 652
29964 655
30076 655
30188 639
30300 624
30412 608
30524 591
30644 575
30756 568
30868 551
30980 540
31092 527
31204 513
31316 504
31428 487
31540 480
31660 465
31772 455
31884 448
31996 440
32108 423
32220 415
32332 408
32444 399
32556 387
32676 384
32788 369
32900 359
33012 353
33124 348
33236 337
33348 327
33464 319
33576 319
33692 312
33804 304
33916 295
34028 287
34144 284
34256 280
34368 271
34480 255
34592 255
34708 255
34824 252
34936 248
35048 240
35160 255
35272 271
35384 287
35496 304
35608 318
35728 327
35840 344
35952 355
36064 369
36176 384
36288 391
36400 408
36512 415
36624 432
36744 440
36856 449
36968 463
37080 472
37192 480
37304 492
37416 504
37528 510
37640 519
37752 527
37872 536
37984 543
38096 551
38208 560
38320 568
38432 575
38544 575
38656 588
38772 593
38888 604
39000 608
39112 615
39224 624
39336 625
39452 632
39564 639
39676 639
39788 639
39904 655
40016 655
40132 639
40244 632
40356 615
40468 604
40580 590
40692 575
40804 561
40924 543
41036 536
41148 519
41260 511
41372 497
41484 487
41596 476
41708 463
41820 451
41940 448
42052 432
42164 423
42276 414
42388 408
42500 391
42612 385
42724 384
42836 368
42956 359
43068 352
43180 344
43292 335
43404 327
43516 319
43628 316
43740 312
43852 304
43972 295
44084 287
44196 284
44308 275
44420 271
44532 255
44648 255
44760 254
44872 248
44988 243
45100 248
45212 255
45328 280
45440 287
45552 305
45664 319
45776 335
45888 352
46004 359
46120 376
46232 385
46344 399
46456 412
46568 419
46680 432
46792 448
46904 451
47024 463
47136 476
47248 483
47360 496
47472 504
47584 512
47696 519
47808 527
47920 536
48040 543
48152 551
48264 560
48376 568
48488 575
48600 575
48712 591
48824 600
48936 604
49056 609
49168 615
49280 624
49392 632
49504 636
49616 639
49728 639
49844 639
49956 655
50072 655
50184 639
50296 632
50408 611
50524 600
50636 583
50748 572
50860 558
50972 543
51088 527
51204 515
51316 508
51428 496
51540 481
51652 472
51764 462
51876 449
51988 440
52108 432
52220 415
52332 412
52444 399
52556 391
52668 384
52780 376
52892 368
53004 355
53116 352
53236 344
53348 335
53460 319
53572 319
53684 312
53796 305
53908 295
54020 287
54132 287
54252 280
54364 271
54476 255
54588 255
54700 255
54812 252
54924 248
55036 240
55148 252
55268 255
55380 284
55492 295
55604 312
55716 319
55828 339
55940 352
56052 368
56168 384
56284 391
56396 399
56508 415
56620 423
56732 440
56844 448
56960 455
57072 467
57184 480
57300 487
57412 496
57524 508
57640 513
57752 524
57872 536
57984 540
58096 543
58208 556
58320 563
58432 572
58544 575
58656 583
58776 591
58888 600
59000 608
59112 611
59224 615
59336 624
59448 632
59560 636
59672 639
59784 639
59904 652
60016 655
60128 655
60240 639
60352 624
60464 608
60576 591
60692 575
60804 568
60920 551
61032 540
61144 527
61256 513
61368 504
61484 487
61596 480
61708 472
61820 455
61936 448
62048 440
62164 423
62276 415
62388 408
62500 399
62612 387
62724 384
62836 376
62956 359
63068 353
63180 348
63292 339
63404 334
63516 319
63628 319
63740 312
63852 304
63972 295
64084 287
64196 286
64308 280
64420 271
64532 255
64644 255
64756 255
64868 252
64988 248
65100 240
65212 255
65324 271
65436 287
65548 304
65660 316
65772 327
65884 344
66004 355
66116 369
66228 384
66340 391
66452 408
66564 415
66680 432
66792 440
66904 449
67020 462
67132 472
67244 480
67360 487
67472 504
67584 510
67696 519
67808 527
67920 536
68036 543
68152 551
68264 560
68376 568
68488 574
68600 575
68712 588
68824 591
68936 604
69056 608
69168 615
69280 622
69392 625
69504 632
69616 638
69728 639
69840 639
69952 655
70072 655
70184 639
70296 636
70408 620
70520 608
70632 591
70744 575
70856 561
70968 547
71088 536
71200 519
71312 511
71424 497
71536 487
71648 480
71760 463
71876 455
71988 448
72104 432
72216 423
72328 415
72440 408
72556 391
72668 385
72780 384
72892 368
73004 359
73120 352
73236 344
73348 335
73460 327
73572 319
73684 316
73796 312
73908 304
74020 295
74140 287
74252 284
74364 280
74476 271
74588 255
74700 255
74812 254
74924 248
75036 241
75148 248
75268 255
75380 280
75492 287
75604 305
75716 319
75828 335
75940 348
76052 359
76164 376
76284 385
76396 399
76508 412
76620 419
76732 432
76844 448
76956 451
77068 463
77180 476
77300 483
77412 496
77524 504
77636 511
77748 519
77860 527
77972 536
78084 543
78200 551
78316 560
78428 568
78540 575
78652 575
78764 591
78876 600
78992 604
79104 608
79216 615
79332 624
79444 632
79556 636
79672 639
79784 639
79896 639
80008 655
80120 664
80232 639
80348 632
80464 611
80576 600
80688 583
80800 572
80912 560
81024 543
81136 531
81248 519
81368 508
81480 496
81592 481
81704 472
81816 462
81928 449
82040 440
82152 432
82264 419
82384 412
82496 399
82608 391
82720 384
82832 384
82944 368
83056 359
83168 352
83280 344
83400 335
83512 327
83624 319
83736 312
83848 305
83960 295
84072 291
84188 287
84300 280
84416 271
84528 255
84640 255
84752 255
84868 252
84980 248
85092 241
85204 252
85316 255
85432 284
85548 295
85660 312
85772 319
85884 339
85996 352
86108 368
86220 384
86332 391
86452 399
86564 415
86676 423
86792 440
86904 448
87016 455
87128 472
87240 480
87356 487
87468 496
87584 508
87696 515
87808 526
87920 536
88032 542
88144 547
88260 558
88372 568
88484 572
88600 575
88712 583
88824 591
88936 600
89052 608
89164 611
89276 620
89388 624
89500 632
89616 638
89732 639
89844 639
89956 654
90068 655
90180 655
90292 639
90404 624
90516 608
90636 591
90748 575
90860 568
90972 551
91084 540
91196 527
91308 513
91420 504
91532 487
91652 480
91764 465
91876 455
91988 448
92100 440
92212 423
92324 415
92436 408
92548 398
92668 387
92780 384
92892 369
93004 359
93116 353
93228 348
93340 335
93452 327
93568 319
93684 318
93796 312
93908 304
94020 295
94132 287
94248 284
94360 280
94472 271
94584 255
94700 255
94812 255
94928 252
95040 248
95152 240
95264 255
95376 271
95488 287
95600 304
95720 318
95832 327
95944 344
96056 355
96168 369
96280 384
96392 391
96504 408
96616 415
96736 432
96848 440
96960 449
97072 462
97184 472
97296 480
97408 487
97520 504
97632 510
97752 519
97864 527
97976 536
98088 543
98200 551
98312 560
98424 568
98536 574
98648 575
98760 590
98880 591
98992 604
99104 608
99216 615
99328 622
99440 625
99556 632
99668 639
99780 639
99896 639
100008 654
100120 655
100232 639
100344 632
100456 615
100568 604
100680 590
100792 575
100912 560
101024 543
101136 536
101248 519
101360 510
101472 496
101584 487
101696 476
101808 463
101928 451
102040 448
102152 432
102264 423
102376 414
102488 403
102600 391
102716 385
102828 384
102944 368
103056 359
103168 352
103280 344
103396 335
103508 327
103620 319
103732 316
103844 312
103960 304
104076 295
104188 287
104300 284
104412 280
104524 271
104636 255
104748 255
104860 255
104980 248
105092 241
105204 248
105316 255
105428 280
105540 291
105652 305
105764 319
105876 335
105996 352
106108 359
106220 384
106332 385
106444 399
106556 412
106668 423
106780 432
106892 448
107012 455
107124 463
107236 476
107348 483
107460 496
107572 504
107684 512
107796 519
107912 527
108028 540
108140 543
108252 551
108364 560
108476 572
108592 575
108704 583
108816 591
108928 600
109044 608
109156 609
109272 615
109384 624
109496 632
109608 636
109720 639
109832 639
109944 639
110064 655
110176 655
110288 639
110400 632
110512 611
110624 600
110736 583
110848 572
110960 560
111080 543
111192 527
111304 519
111416 508
111528 496
111640 481
111752 472
111864 462
111976 448
112096 440
112208 432
112320 415
112432 412
112544 399
112656 391
112768 384
112880 376
112992 368
113112 355
113224 352
113336 344
113448 335
113560 319
113672 319
113788 312
113900 304
114012 295
114128 287
114240 287
114352 280
114468 271
114580 255
114692 255
114804 255
114916 252
115028 248
115140 240
115256 252
115368 255
115480 284
115592 295
115708 312
115824 319
115936 335
116048 352
116160 368
116272 384
116388 391
116504 399
116616 415
116728 423
116840 440
116952 448
117064 455
117176 465
117288 480
117408 487
117520 496
117632 508
117744 513
117856 524
117968 531
118080 542
118192 543
118304 558
118424 568
118536 572
118648 575
118760 583
118872 591
118984 600
119096 608
119208 611
119320 615
119440 624
119552 632
119664 636
119776 639
119888 639
120000 652
120112 655
120224 655
120336 639
120456 624
120568 608
120680 591
120792 575
120904 568
121016 551
121132 540
121244 527
121356 513
121472 504
121584 487
121696 480
121812 467
121924 455
122036 448
122148 440
122260 423
122372 415
122484 408
122600 399
122712 387
122824 384
122936 376
123048 364
123160 353
123272 352
123384 344
123496 334
123616 319
123728 318
123840 312
123952 304
124064 295
124176 287
124292 286
124404 280
124516 271
124632 255
124744 255
124856 255
124972 252
125084 248
125196 240
125308 255
125420 271
125532 287
125648 304
125764 316
125876 327
125988 344
126100 355
126212 368
126324 384
126436 391
126548 408
126668 415
126780 432
126892 440
127004 449
127116 462
127228 472
127340 480
127452 487
127564 499
127684 510
127796 515
127908 527
128020 536
128132 543
128244 551
128356 560
128468 568
128580 575
128700 575
128812 590
128924 591
129036 604
129148 608
129260 615
129372 620
129488 625
129600 632
129716 639
129828 639
129940 639
130052 655
130168 655
130280 639
130392 636
130504 620
130616 608
130732 590
130848 575
130960 561
131072 547
131184 536
131296 524
131408 511
131520 499
131632 487
131752 480
131864 463
131976 455
132088 448
132200 432
132312 423
132424 415
132536 408
132648 396
132768 385
132880 384
132992 368
133104 359
133216 352
133328 344
133440 335
133552 327
133664 319
133784 316
133896 312
134008 304
134120 295
134232 287
134344 284
134456 280
134568 271
134684 255
134800 255
134912 255
135024 248
135136 241
135248 248
135364 255
135476 280
135588 287
135700 304
135816 319
135928 335
136044 352
136156 359
136268 376
136380 384
136492 399
136604 408
136716 419
136836 432
136948 448
137060 451
137172 463
137284 472
137396 483
137508 494
137620 504
137732 511
137844 519
137964 527
138076 540
138188 543
138300 551
138412 560
138524 568
138636 575
138748 575
138860 590
138980 600
139092 604
139204 608
139316 615
139428 624
139540 632
139652 636
139764 639
139880 639
139996 639
140108 655
140220 664
140332 639
140444 632
140560 615
140672 600
140784 583
140896 572
141012 560
141124 543
141240 531
141352 519
141464 508
141576 496
141688 483
141800 472
141912 463
142032 449
142144 440
142256 432
142368 419
142480 412
142592 399
142704 391
142816 384
142928 384
143048 368
143160 359
143272 352
143384 344
143496 335
143608 327
143720 319
143832 312
143944 305
144064 295
144176 291
144288 287
144400 280
144512 271
144624 255
144736 255
144848 255
144960 254
145080 248
145192 241
145304 252
145416 255
145528 280
145640 295
145752 312
145864 319
145976 335
146096 352
146208 368
146320 384
146432 387
146544 399
146656 414
146768 423
146880 433
146992 448
147104 455
147224 463
147336 480
147448 483
147560 496
147672 504
147784 512
147896 519
148012 527
148124 540
148240 543
148352 551
148464 561
148576 572
148688 575
148800 583
148912 591
149024 600
149136 608
149256 609
149368 615
149480 624
149592 632
149704 636
149816 639
149932 639
150044 652
150156 655
150272 655
150384 639
150496 624
150612 609
150724 600
150836 575
150948 568
151060 551
151172 542
151288 527
151404 515
151516 504
151628 494
151740 480
151852 472
151964 455
152076 448
152188 440
152308 428
152420 415
152532 408
152644 399
152756 391
152868 384
152980 376
153092 366
153204 355
153324 352
153436 344
153548 334
153660 319
153772 319
153884 312
153996 304
154108 295
154220 287
154340 286
154452 280
154564 271
154676 255
154788 255
154900 255
155012 252
155128 248
155240 240
155356 255
155468 271
155580 286
155692 300
155808 316
155920 327
156032 344
156144 353
156256 368
156372 384
156488 391
156600 408
156712 415
156824 428
156936 440
157048 448
157160 455
157272 472
157392 480
157504 487
157616 497
157728 508
157840 515
157952 527
158064 536
158176 543
158288 547
158408 560
158520 568
158632 574
158744 575
158856 588
158968 591
159080 600
159192 608
159304 611
159424 620
159536 625
159648 632
159760 638
159872 639
159984 639
160096 654
160208 655
160324 654
160440 636
160552 622
160664 608
160776 591
160888 575
161004 568
161116 551
161228 536
161340 526
161456 512
161568 504
161684 487
161796 480
161908 463
162020 455
162132 448
162244 433
162356 423
162476 415
162588 408
162700 396
162812 385
162924 384
163036 369
163148 359
163260 353
163372 348
163484 335
163604 327
163716 319
163828 316
163940 312
164052 304
164164 295
164276 287
164388 284
164500 280
164620 271
164732 255
164844 255
164956 255
165068 248
165180 243
165292 241
165404 255
165520 271
165636 287
165748 304
165860 319
165972 334
166084 348
166200 359
166312 376
166424 384
166536 398
166652 408
166764 415
166880 432
166992 448
167104 451
167216 463
167328 472
167440 481
167552 492
167672 504
167784 511
167896 519
168008 527
168120 536
168232 543
168344 551
168456 560
168568 568
168688 575
168800 575
168912 590
169024 595
169136 604
169248 608
169360 615
169472 624
169584 625
169704 632
169816 639
169928 639
170040 639
170152 655
170264 664
170376 639
170488 632
170600 615
170720 600
170832 583
170944 574
171056 560
171168 543
171280 536
171396 519
171508 510
171620 496
171736 483
171848 472
171960 463
172076 451
172188 448
172300 432
172412 419
172524 412
172636 399
172752 391
172868 384
172980 384
173092 368
173204 359
173316 352
173428 344
173544 335
173660 327
173772 319
173884 316
173996 307
174108 302
174220 291
174332 287
174448 284
174564 271
174676 271
174788 255
174900 255
175012 254
175124 248
175236 241
175348 248
175468 255
175580 280
175692 295
175804 312
175916 319
176028 335
176140 352
176252 364
176364 384
176484 387
176596 399
176708 414
176820 423
176932 435
177044 448
177156 455
177268 463
177380 480
177500 487
177612 496
177724 504
177836 513
177948 519
178060 531
178172 540
178284 543
178396 556
178516 563
178628 572
178740 575
178852 583
178964 591
179076 600
179192 608
179304 609
179416 615
179532 624
179644 632
179756 636
179872 639
179984 639
180096 652
180208 655
180320 655
180432 639
180548 624
180664 609
180776 600
180888 575
181000 568
181112 551
181224 543
181336 527
181448 515
181568 504
181680 494
181792 480
181904 472
182016 455
182128 448
182240 440
182352 430
182464 415
182584 408
182696 399
182808 391
182920 384
183032 376
183144 368
183256 355
183368 352
183480 344
183600 334
183712 319
183824 319
183936 312
184048 304
184160 295
184272 287
184388 287
184500 280
184612 271
184728 255
184840 255
184952 255
185068 252
185180 248
185292 240
185404 255
185516 270
185628 286
185744 300
185860 316
185972 327
186084 344
186196 353
186308 368
186420 384
186532 391
186644 408
186764 415
186876 428
186988 440
187100 448
187212 455
187324 472
187436 480
187548 487
187660 497
187780 508
187892 515
188004 526
188116 536
188228 543
188340 547
188452 560
188564 568
188676 574
188796 575
188908 583
189020 591
189132 600
189244 608
189356 611
189468 620
189584 624
189696 632
189812 638
189924 639
190036 639
190148 655
190264 655
190376 654
190488 638
190600 624
190712 608
190828 591
190944 575
191056 568
191168 551
191280 540
191392 527
191504 512
191616 504
191728 487
191848 480
191960 465
192072 455
192184 448
192296 435
192408 423
192520 415
192632 408
192744 399
192864 387
192976 384
193088 369
193200 359
193312 353
193424 348
193536 335
193648 327
193760 319
193880 318
193992 312
194104 304
194216 295
194328 287
194440 284
194552 280
194664 271
194780 255
194896 255
195008 255
195120 252
195232 248
195344 243
195460 255
195572 271
195684 287
195796 304
195912 319
196024 335
196140 348
196252 359
196364 376
196476 384
196588 398
196700 408
196812 419
196932 432
197044 448
197156 451
197268 463
197380 476
197492 481
197604 496
197716 504
197828 511
197948 519
198060 527
198172 536
198284 543
198396 551
198508 560
198620 568
198732 575
198844 575
198964 591
199076 600
199188 604
199300 608
199412 615
199524 624
199636 632
199748 636
199860 639
199976 639
200092 647
200204 655
200316 664
200428 639
200540 632
200656 615
200768 604
200880 590
200992 575
201108 560
201220 543
201332 536
201444 519
201556 511
201668 497
201780 487
201892 476
202004 463
202124 451
202236 448
202348 432
202456 423
202572 414
202684 403
202796 391
202908 385
203020 384
203132 368
203244 359
203364 352
203476 344
203588 335
203700 327
203812 319
203924 316
204036 312
204148 304
204260 295
204380 287
204492 284
204604 275
204716 271
204828 255
204940 255
205052 254
205164 248
205276 241
205396 248
205508 255
205620 280
205732 291
205844 307
205956 319
206068 335
206180 352
206292 359
206412 384
206524 387
206636 399
206748 412
206860 423
206972 432
207084 448
207200 455
207312 463
207428 476
207540 483
207652 496
207764 504
207880 512
207992 519
208104 527
208216 540
208328 543
208444 551
208560 561
208672 572
208784 575
208896 583
209008 591
209120 600
209232 608
209344 609
209464 615
209576 624
209688 632
209800 636
209912 639
210024 639
210136 652
210248 655
210360 664
210480 639
210592 632
210704 611
210816 600
210928 583
211040 572
211152 558
211264 543
211376 527
211496 519
211608 504
211720 496
211832 481
211944 472
212056 460
212168 449
212280 440
212396 432
212512 415
212624 412
212736 399
212848 391
212960 384
213076 376
213188 368
213300 355
213412 352
213528 344
213640 335
213756 319
213868 319
213980 312
214092 304
214204 295
214316 287
214428 287
214548 280
214660 271
214772 255
214884 255
214996 255
215108 252
215220 248
215332 240
215444 252
215564 255
215676 284
215788 295
215900 312
216012 319
216124 339
216236 352
216348 368
216460 384
216572 391
216692 399
216804 415
216916 423
217028 440
217140 448
217252 455
217364 467
217476 480
217592 487
217708 496
217820 508
217932 513
218044 524
218156 536
218272 542
218384 543
218496 558
218608 568
218724 572
218836 575
218952 583
219064 591
219176 600
219288 608
219400 611
219512 615
219624 624
219744 632
219856 638
219968 639
220080 639
220192 652
220304 655
220416 655
220528 639
220640 624
220760 608
220872 591
220984 575
221096 568
221208 551
221320 540
221432 527
221544 513
221656 504
221776 487
221888 480
222000 467
222112 455
222224 448
222336 440
222448 423
222560 415
222672 408
222792 398
222904 387
223016 384
223128 371
223240 359
223352 353
223468 348
223580 339
223692 327
223808 319
223920 318
224032 312
224148 304
224260 295
224372 287
224484 286
224596 280
224708 271
224824 255
224940 255
225052 255
225164 252
225276 248
225388 240
225500 255
225612 271
225724 287
225844 304
225956 318
226068 327
226180 344
226292 355
226404 369
226516 384
226628 391
226740 408
226860 415
226972 432
227084 440
227196 449
227308 462
227420 472
227532 480
227644 487
227756 504
227876 511
227988 519
228100 527
228212 536
228324 543
228436 551
228548 560
228664 568
228776 575
228892 575
229004 590
229116 593
229228 604
229344 608
229456 615
229568 624
229680 625
229792 632
229908 639
230024 639
230136 639
230248 655
230360 664
230472 639
230584 636
230696 615
230808 604
230928 590
231040 575
231152 560
231264 543
