24 572
140 575
252 583
368 591
480 595
592 600
704 608
816 609
928 611
1040 615
1160 624
1272 624
1384 632
1496 632
1608 632
1720 636
1832 638
1944 638
2056 639
2176 639
2288 639
2400 639
2512 639
2624 639
2736 639
2848 639
2960 639
3072 639
3192 639
3304 636
3416 636
3528 632
3640 632
3752 632
3864 632
3976 624
4088 624
4208 615
4320 615
4432 611
4544 608
4656 608
4768 604
4884 600
4996 595
5108 591
5224 588
5336 575
5448 575
5564 575
5676 572
5788 568
5900 560
6012 556
6124 551
6240 543
6356 540
6468 536
6580 527
6692 524
6804 519
6916 512
7028 508
7140 504
7260 496
7372 487
7484 481
7596 480
7708 472
7820 463
7932 455
8044 451
8156 448
8268 440
8388 432
8500 423
8612 415
8724 412
8836 408
8948 399
9060 391
9172 384
9284 384
9404 369
9516 364
9628 355
9740 352
9852 344
9964 335
10076 327
10188 319
10300 319
10420 316
10532 312
10644 304
10756 304
10868 295
10980 295
11092 287
11204 287
11320 287
11436 286
11548 284
11660 284
11772 280
11884 280
12000 280
12112 280
12224 280
12336 280
12452 280
12564 280
12680 280
12792 280
12904 284
13016 284
13128 286
13240 287
13352 287
13472 287
13584 287
13696 295
13808 295
13920 302
14032 304
14144 305
14256 312
14368 312
14488 318
14600 319
14712 319
14824 327
14936 327
15048 335
15160 344
15272 344
15384 352
15504 353
15616 359
15728 364
15840 368
15952 376
16064 384
16176 384
16288 387
16400 391
16520 399
16632 408
16744 412
16856 415
16968 423
17080 432
17196 435
17308 448
17420 448
17536 455
17648 462
17760 465
17876 472
17988 480
18100 487
18212 494
18324 504
18436 508
18552 512
18668 519
18780 527
18892 536
19004 542
19116 543
19228 551
19340 560
19452 568
19572 575
19684 575
19796 590
19908 591
20020 600
20132 608
20244 608
20356 611
20468 615
20588 622
20700 624
20812 625
20924 632
21036 632
21148 636
21260 636
21372 638
21484 639
21604 639
21716 639
21828 639
21940 639
22052 639
22164 639
22276 639
22388 639
22504 639
22620 638
22732 638
22844 636
22956 636
23068 632
23184 632
23296 632
23408 624
23520 624
23636 620
23748 615
23864 615
23976 609
24088 608
24200 604
24312 600
24424 600
24536 591
24648 590
24764 583
24876 575
24988 575
25100 572
25212 568
25324 560
25436 560
25548 551
25660 543
25780 543
25892 536
26004 529
26116 526
26228 519
26340 513
26452 508
26564 504
26676 496
26796 487
26908 483
27020 480
27132 472
27244 463
27356 460
27468 451
27584 448
27696 440
27812 432
27924 423
28036 419
28148 415
28264 408
28376 399
28488 391
28600 385
28712 384
28828 376
28940 368
29052 359
29164 352
29276 344
29388 335
29504 334
29616 319
29732 319
29844 318
29956 312
30068 305
30180 304
30292 300
30408 295
30520 291
30632 287
30748 287
30860 287
30972 286
31084 284
31200 280
31312 280
31424 280
31536 280
31648 280
31764 280
31880 280
31992 280
32104 280
32216 280
32328 284
32440 284
32552 286
32664 287
32784 287
32896 287
33008 287
33120 295
33232 295
33344 295
33456 304
33568 304
33680 312
33800 312
33912 316
34024 319
34136 319
34248 319
34360 327
34472 335
34584 337
34696 344
34816 352
34928 352
35040 355
35152 359
35264 368
35376 376
35488 384
35600 384
35716 387
35832 391
35944 399
36056 408
36168 412
36280 415
36396 419
36508 428
36620 432
36732 440
36848 448
36960 451
37076 455
37188 463
37300 472
37412 480
37524 483
37636 487
37748 496
37868 504
37980 511
38092 515
38204 526
38316 529
38428 540
38540 543
38652 551
38764 560
38884 568
38996 574
39108 575
39220 583
39332 591
39444 600
39556 604
39668 608
39780 609
39900 615
40012 620
40124 624
40236 624
40348 632
40460 632
40572 632
40684 636
40796 638
40912 639
41028 639
41140 639
41252 639
41364 639
41476 639
41588 639
41704 639
41816 639
41928 639
42044 639
42156 638
42268 636
42384 632
42496 632
42608 632
42720 632
42832 624
42944 624
43060 620
43176 615
43288 615
43400 611
43512 608
43624 608
43736 600
43848 600
43960 591
44080 590
44192 583
44304 575
44416 575
44528 574
44640 568
44752 563
44864 560
44976 551
45096 543
45208 543
45320 536
45432 536
45544 527
45656 519
45768 515
45880 511
45992 504
46112 497
46224 492
46336 487
46448 480
46560 476
46672 467
46784 463
46900 455
47012 448
47128 448
47240 440
47352 432
47464 423
47580 415
47692 412
47804 399
47916 398
48028 387
48144 384
48260 384
48372 368
48484 359
48596 353
48708 348
48820 344
48932 335
49044 327
49164 319
49276 318
49388 312
49500 312
49612 304
49724 304
49836 295
49948 295
50060 287
50180 287
50292 287
50404 286
50516 284
50628 284
50740 280
50852 280
50964 280
51076 280
51196 280
51308 280
51420 280
51532 280
51644 280
51756 284
51868 284
51980 286
52096 286
52212 287
52324 287
52436 287
52548 295
52660 295
52776 295
52888 304
53000 304
53112 312
53228 312
53340 316
53456 319
53568 319
53680 319
53792 327
53904 335
54016 335
54128 344
54248 348
54360 352
54472 355
54584 359
54696 368
54808 369
54920 384
55032 384
55144 385
55264 391
55376 398
55488 403
55600 408
55712 415
55824 419
55936 423
56048 432
56160 440
56272 448
56392 449
56504 455
56616 463
56728 472
56840 480
56952 481
57064 487
57176 496
57292 504
57408 510
57520 515
57632 519
57744 527
57860 536
57980 543
58092 551
58204 560
58316 568
58428 572
58540 575
58652 583
58764 591
58876 600
58996 604
59108 608
59220 609
59332 615
59444 615
59556 624
59668 624
59780 632
59892 632
60012 632
60124 636
60236 636
60348 638
60460 639
60572 639
60684 639
60796 639
60912 639
61028 639
61140 639
61252 639
61364 639
61476 639
61592 638
61704 636
61816 636
61928 632
62044 632
62156 632
62272 625
62384 624
62496 624
62608 615
62720 615
62832 611
62944 608
63064 608
63176 604
63288 600
63400 591
63512 591
63624 583
63736 575
63848 575
63960 575
64080 568
64192 568
64304 560
64416 556
64528 547
64640 543
64752 540
64864 536
64976 527
65096 519
65208 515
65320 512
65432 508
65544 504
65656 496
65768 487
65880 481
65992 480
66112 472
66224 463
66336 455
66448 449
66560 448
66672 440
66788 432
66900 423
67012 415
67128 412
67240 408
67352 399
67468 391
67580 384
67692 384
67804 369
67916 359
68028 355
68144 352
68260 344
68372 335
68484 327
68596 319
68708 319
68820 316
68932 312
69044 304
69164 304
69276 295
69388 295
69500 287
69612 287
69724 287
69836 286
69948 284
70060 284
70180 280
70292 280
70404 280
70516 280
70628 280
70740 280
70852 280
70964 280
71076 280
71196 280
71308 284
71420 284
71532 286
71644 287
71756 287
71868 287
71980 287
72096 295
72212 295
72324 304
72436 304
72548 305
72660 312
72776 312
72888 318
73000 319
73112 319
73228 327
73340 334
73456 335
73568 344
73680 348
73792 352
73904 353
74016 359
74128 368
74240 368
74356 384
74468 384
74580 384
74692 391
74804 391
74916 399
75028 408
75140 414
75252 415
75372 423
75484 432
75596 440
75708 448
75820 448
75932 455
76044 462
76156 465
76268 476
76388 480
76500 487
76612 496
76724 504
76836 508
76948 513
77060 519
77176 527
77288 536
77404 542
77516 543
77628 556
77740 560
77856 572
77968 575
78080 575
78192 590
78304 591
78420 600
78536 608
78648 608
78760 611
78872 615
78984 624
79096 624
79208 625
79320 632
79440 632
79552 636
79664 636
79776 638
79888 639
80000 639
80112 639
80224 639
80336 639
80456 639
80568 639
80680 639
80792 639
80904 639
81016 638
81128 636
81240 636
81352 632
81472 632
81584 632
81696 625
81808 624
81920 624
82032 620
82144 615
82256 611
82372 609
82488 608
82600 604
82712 600
82824 600
82936 591
83052 590
83164 583
83276 575
83388 575
83504 572
83616 568
83732 560
83844 558
83956 551
84068 543
84180 542
84292 536
84404 527
84524 526
84636 519
84748 513
84860 508
84972 504
85084 496
85196 487
85308 483
85420 480
85540 472
85652 463
85764 455
85876 451
85988 448
86100 440
86212 432
86324 428
86436 419
86556 414
86668 408
86780 399
86900 391
87012 385
87124 384
87236 376
87348 368
87460 355
87572 352
87684 344
87796 335
87916 327
88028 319
88140 319
88252 316
88364 312
88476 305
88588 304
88700 295
88816 295
88932 291
89044 287
89156 287
89268 287
89380 284
89496 284
89608 280
89720 280
89832 280
89948 280
90060 280
90176 280
90288 280
90400 280
90512 280
90624 280
90736 284
90848 284
90968 286
91080 287
91192 287
91304 287
91416 287
91528 295
91640 295
91752 300
91864 304
91984 304
92096 312
92208 312
92320 316
92432 319
92544 319
92656 327
92768 327
92880 335
93000 339
93112 344
93224 352
93336 352
93448 355
93560 359
93672 368
93784 376
93896 384
94016 384
94128 387
94240 391
94352 399
94464 408
94576 412
94692 415
94804 423
94916 430
95032 433
95144 440
95256 448
95372 451
95484 455
95596 463
95708 472
95820 480
95932 483
96048 492
96164 497
96276 504
96388 512
96500 519
96612 526
96724 536
96836 540
96948 543
97068 551
97180 560
97292 568
97404 575
97516 575
97628 588
97740 591
97852 600
97964 604
98084 608
98196 611
98308 615
98420 620
98532 624
98644 625
98756 632
98868 632
98980 636
99100 636
99212 638
99324 639
99436 639
99548 639
99660 639
99772 639
99884 639
100000 639
100116 639
100228 639
100340 639
100452 638
100564 638
100680 636
100792 636
100904 632
101016 632
101128 632
101244 624
101360 624
101472 620
101584 615
101696 615
101808 609
101920 608
102032 608
102144 600
102264 600
102376 591
102488 590
102600 583
102712 575
102824 575
102936 572
103048 568
103160 561
103280 560
103392 551
103504 543
103616 543
103728 536
103840 536
103952 527
104064 519
104176 515
104296 510
104408 504
104520 496
104632 492
104744 483
104856 480
104968 476
105080 465
105196 462
105312 455
105424 448
105536 448
105648 433
105760 430
105876 423
105988 415
106100 408
106212 399
106328 391
106440 387
106556 384
106668 376
106780 368
106892 359
107004 352
107116 348
107228 339
107348 334
107460 327
107572 319
107684 318
107796 312
107908 312
108020 304
108132 302
108244 295
108364 291
108476 287
108588 287
108700 287
108812 286
108924 284
109036 284
109148 280
109260 280
109380 280
109492 280
109604 280
109716 280
109828 280
109940 280
110052 280
110164 284
110276 284
110396 286
110508 286
110620 287
110732 287
110844 287
110956 291
111072 295
111184 295
111296 304
111412 304
111524 312
111636 312
111752 316
111864 319
111976 319
112088 319
112200 327
112312 335
112428 335
112544 344
112656 348
112768 352
112880 355
112992 359
113104 368
113216 369
113328 384
113448 384
113560 387
113672 391
113784 399
113896 403
114008 408
114120 415
114232 419
114344 423
114464 432
114576 440
114688 448
114800 449
114912 455
115024 463
115136 472
115248 480
115360 481
115480 487
115592 496
115704 504
115816 510
115928 515
116040 519
116156 527
116268 536
116380 543
116492 551
116608 560
116720 568
116832 572
116948 575
117060 583
117172 591
117284 600
117396 600
117508 608
117624 609
117740 615
117852 615
117964 624
118076 624
118188 632
118300 632
118412 632
118524 636
118644 636
118756 639
118868 639
118980 639
119092 639
119204 639
119316 639
119428 639
119540 639
119660 639
119772 639
119884 639
119996 638
120108 636
120220 636
120332 632
120444 632
120556 632
120676 625
120788 624
120900 624
121012 615
121124 615
121236 611
121348 608
121464 608
121576 604
121692 600
121804 591
121916 591
122028 583
122144 575
122256 575
122368 575
122480 568
122592 568
122708 560
122824 551
122936 547
123048 543
123160 540
123272 536
123384 527
123496 524
123608 515
123728 511
123840 504
123952 504
124064 496
124176 487
124288 480
124400 480
124512 472
124624 463
124744 455
124856 449
124968 448
125080 440
125192 432
125304 423
125416 415
125528 412
125640 408
125760 398
125872 391
125984 384
126096 384
126208 369
126320 359
126432 355
126544 352
126660 344
126772 335
126888 327
127000 319
127112 319
127224 316
127340 312
127452 304
127564 304
127676 295
127788 295
127904 287
128016 287
128128 287
128240 286
128352 284
128464 284
128576 280
128688 280
128800 280
128920 280
129032 280
129144 280
129256 280
129368 280
129480 280
129592 280
129704 284
129820 284
129936 286
130048 287
130160 287
130272 287
130384 291
130500 295
130612 295
130724 304
130836 304
130952 305
131064 312
131180 312
131292 318
131404 319
131516 319
131628 327
131740 334
131852 335
131972 344
132084 344
132196 352
132308 353
132420 359
132532 366
132644 368
132756 376
132868 384
132988 384
133100 391
133212 391
133324 399
133436 408
133548 414
133660 415
133772 423
133884 432
134004 440
134116 448
134228 448
134340 455
134452 462
134564 465
134676 476
134788 480
134900 487
135020 496
135132 504
135244 508
135356 513
135468 519
135580 527
135696 536
135808 542
135920 543
136036 556
136148 561
136260 572
136376 575
136488 575
136600 590
136712 591
136824 600
136936 608
137052 608
137168 611
137280 615
137392 624
137504 624
137616 625
137728 632
137840 632
137952 636
138072 636
138184 638
138296 639
138408 639
138520 639
138632 639
138744 639
138856 639
138968 639
139088 639
139200 639
139312 639
139424 638
139536 636
139648 636
139760 632
139872 632
139984 632
140104 632
140216 624
140328 624
140440 620
140552 615
140664 611
140776 609
140892 608
141004 604
141120 600
141232 600
141344 591
141456 588
141572 583
141684 575
141796 575
141908 572
142020 568
142136 560
142252 556
142364 551
142476 543
142588 542
142700 536
142812 527
142924 526
143036 519
143148 512
143264 508
143376 504
143488 496
143600 487
143712 483
143824 480
143936 472
144048 463
144160 455
144280 451
144392 448
144504 440
144616 433
144728 428
144840 419
144952 415
145072 408
145184 399
145296 391
145408 385
145520 384
145632 376
145744 368
145856 359
145968 352
146088 344
146200 335
146312 327
146424 319
146536 319
146648 318
146760 312
146872 307
146984 304
147104 295
147216 295
147328 291
147440 287
147552 287
147664 287
147776 286
147892 284
148004 280
148120 280
148232 280
148344 280
148456 280
148572 280
148684 280
148796 280
148908 280
149020 280
149136 284
149252 284
149364 286
149476 287
149588 287
149700 287
149812 287
149924 295
150036 295
150156 300
150268 304
150380 305
150492 312
150604 312
150716 316
150828 319
150940 319
151052 319
151172 327
151284 335
151396 335
151508 344
151620 352
151732 352
151844 355
151956 359
152068 368
152188 376
152300 384
152412 384
152524 387
152636 391
152748 399
152860 408
152972 412
153088 415
153204 419
153316 430
153428 433
153540 440
153652 448
153768 451
153880 455
153992 463
154104 472
154220 480
154332 483
154448 492
154560 496
154672 504
154784 511
154896 515
155008 526
155120 531
155232 540
155352 543
155464 551
155576 560
155688 568
155800 574
155912 575
156024 583
156136 591
156248 600
156368 604
156480 608
156592 611
156704 615
156816 620
156928 624
157040 624
157152 632
157264 632
157384 636
157496 636
157608 638
157720 639
157832 639
157944 639
158056 639
158168 639
158284 639
158400 639
158512 639
158624 639
158736 639
158848 639
158964 638
159076 636
159188 636
159300 632
159416 632
159528 632
159644 624
159756 624
159868 624
159980 615
160092 615
160204 611
160316 608
160436 608
160548 600
160660 600
160772 591
160884 590
160996 583
161108 575
161220 575
161332 574
161452 568
161564 561
161676 560
161788 551
161900 543
162012 543
162124 540
162236 536
162348 527
162468 519
162580 515
162692 511
162804 504
162916 497
163028 494
163140 487
163252 480
163364 476
163484 472
163596 462
163708 455
163820 448
163932 448
164044 440
164156 432
164272 423
164384 415
164500 408
164612 399
164724 391
164836 387
164952 384
165064 384
165176 368
165288 359
165400 353
165516 348
165632 339
165744 335
165856 327
165968 319
166080 318
166192 312
166304 312
166416 304
166536 302
166648 295
166760 291
166872 287
166984 287
167096 287
167208 286
167320 284
167432 284
167552 280
167664 280
167776 280
167888 280
168000 280
168112 280
168224 280
168336 280
168448 280
168568 284
168680 284
168792 284
168904 286
169016 287
169128 287
169240 287
169352 291
169468 295
169584 295
169696 304
169808 304
169920 307
170032 312
170148 316
170260 319
170372 319
170484 319
170600 327
170712 335
170828 335
170940 344
171052 348
171164 352
171276 355
171388 359
171500 368
171612 369
171728 384
171840 384
171952 385
172064 391
172176 398
172288 399
172400 408
172512 415
172624 415
172744 423
172856 432
172968 440
173080 448
173192 449
173304 455
173416 463
173532 472
173644 476
173756 480
173868 487
173980 496
174092 504
174204 508
174324 513
174436 519
174548 527
174660 536
174772 543
174884 547
175000 556
175112 561
175224 572
175340 575
175452 583
175564 590
175680 591
175792 600
175904 608
176016 608
176128 611
176240 615
176356 624
176472 624
176584 632
176696 632
176808 632
176920 636
177032 636
177144 638
177256 639
177376 639
177488 639
177600 639
177712 639
177824 639
177936 639
178048 639
178160 639
178272 639
178392 638
178504 636
178616 636
178728 632
178840 632
178952 632
179064 632
179176 624
179288 624
179408 620
179520 615
179632 611
179744 609
179856 608
179968 604
180080 600
180196 600
180308 591
180424 588
180536 575
180648 575
180760 575
180876 572
180988 568
181100 560
181212 556
181324 551
181436 543
181556 542
181668 536
181780 527
181892 526
182004 519
182116 512
182228 508
182340 504
182452 496
182572 487
182684 483
182796 480
182908 472
183020 463
183132 455
183244 451
183356 448
183468 440
183588 432
183700 423
183812 415
183924 414
184036 408
184148 399
184260 391
184372 384
184484 384
184604 371
184716 364
184828 355
184940 352
185052 344
185164 335
185276 327
185392 319
185504 319
185620 316
185732 312
185844 305
185956 304
186072 295
186184 295
186296 287
186408 287
186520 287
186636 286
186752 284
186864 284
186976 280
187088 280
187200 280
187312 280
187424 280
187536 280
187656 280
187768 280
187880 280
187992 280
188104 284
188216 284
188328 286
188440 287
188552 287
188672 287
188784 287
188896 295
189008 295
189120 304
189232 304
189344 305
189456 312
189568 316
189688 318
189800 319
189912 319
190024 327
190136 327
190248 335
190360 344
190472 344
190588 352
190704 353
190816 359
190928 364
191040 368
191152 376
191268 384
191380 384
191492 387
191604 391
191720 399
191832 408
191948 412
192060 415
192172 423
192284 432
192396 440
192508 448
192620 448
192740 455
192852 462
192964 467
193076 476
193188 480
193300 487
193412 496
193524 504
193636 508
193756 513
193868 519
193980 527
194092 536
194204 542
194316 543
194428 556
194540 561
194652 568
194772 575
194884 575
194996 588
195108 591
195220 600
195332 604
195444 608
195556 611
195668 615
195788 620
195900 624
196012 625
196124 632
196236 632
196348 636
196460 636
196576 638
196688 639
196804 639
196916 639
197028 639
197140 639
197256 639
197368 639
197480 639
197592 639
197704 639
197816 639
197932 638
198044 636
198156 636
198268 632
198380 632
198492 632
198604 624
198716 624
198828 620
198948 615
199060 611
199172 609
199284 608
199396 608
199508 600
199620 600
199736 591
199848 590
199964 583
200076 575
200188 575
200300 572
200416 568
200528 561
200640 560
200752 551
200864 543
200980 543
201096 536
201208 536
201320 527
201432 519
201544 513
201656 510
201768 504
201880 496
202000 492
202112 483
202224 480
202336 472
202448 467
202560 463
202672 455
202784 448
202896 448
203008 440
203124 432
203236 423
203348 415
203464 408
203576 399
203688 391
203800 387
203912 384
204028 384
204140 368
204252 359
204364 353
204480 348
204592 339
204704 334
204820 327
204932 319
205044 318
205156 312
205268 312
205380 304
205496 302
205612 295
205724 291
205836 287
205948 287
206060 287
206172 286
206284 284
206396 284
206516 280
206628 280
206740 280
206852 280
206964 280
207076 280
207188 280
207300 280
207412 280
207532 280
207644 284
207756 284
207868 286
207980 287
208092 287
208204 287
208316 291
208428 295
208548 295
208660 304
208772 304
208884 307
208996 312
209108 316
209220 319
209336 319
209448 319
209564 327
209676 334
209788 335
209900 344
210016 348
210128 352
210240 355
210352 359
210464 368
210580 369
210696 384
210808 384
210920 385
211032 391
211144 399
211256 399
211368 408
211480 415
211600 419
211712 423
211824 432
211936 440
212048 448
212160 449
212272 455
212384 463
212496 472
212616 480
212728 481
212840 487
212952 496
213064 504
213176 510
213288 515
213400 519
213512 527
213624 536
213744 543
213856 551
213968 560
214080 568
214192 572
214304 575
214416 583
214532 591
214644 595
214760 600
214872 608
214984 609
215096 615
215212 615
215324 624
215436 624
215548 632
215660 632
215776 632
215892 636
216004 636
216116 639
216228 639
216340 639
216452 639
216564 639
216676 639
216796 639
216908 639
217020 639
217132 639
217244 639
217356 638
217468 636
217580 636
217692 632
217812 632
217924 632
218036 625
218148 624
218260 624
218372 615
218484 615
218596 611
218708 608
218828 608
218940 604
219052 600
219164 591
219276 591
219388 583
219500 575
219612 575
219728 575
219844 572
219956 568
220068 560
220180 556
220292 551
220408 543
220520 540
220632 536
220744 527
220860 519
220972 519
221088 512
221200 508
221312 504
221424 496
221536 487
221648 481
221760 480
221880 472
221992 463
222104 455
222216 449
222328 448
222440 440
222552 432
222664 423
222776 415
222896 412
223008 408
223120 398
223232 391
223344 384
223456 384
223568 369
223680 364
223792 355
223912 352
224024 344
224136 335
224248 327
224360 319
224472 319
224584 316
224696 312
224808 305
224928 304
225040 295
225152 295
225264 287
225376 287
225488 287
225600 286
225716 284
225828 284
225944 280
226056 280
226168 280
226280 280
226396 280
226508 280
226620 280
226732 280
226844 280
226960 280
227076 284
227188 284
227300 286
227412 287
227524 287
227636 287
227748 291
227860 295
227980 295
228092 302
228204 304
228316 305
228428 312
228540 312
228652 318
228764 319
228876 319
228988 327
229108 334
229220 335
229332 344
229444 344
229556 352
229668 353
229780 359
229892 364
230004 368
230124 376
230236 384
230348 384
230460 387
230572 391
230684 399
230796 408
230908 414
231020 415
231140 423
231252 432
