4 455
316 481
632 510
948 536
1260 560
1572 575
1892 600
2204 615
2516 632
2828 639
3148 655
3460 664
3772 668
4092 671
4404 668
4716 664
5032 654
5348 639
5660 632
5976 611
6288 591
6600 575
6912 551
7232 527
7544 504
7856 476
8176 448
8488 415
8800 385
9120 355
9432 319
9744 295
10064 255
10376 231
10688 207
11000 184
11316 156
11632 127
11944 112
12260 96
12572 78
12884 63
13204 56
13516 48
13828 39
14148 35
14460 39
14772 39
15084 48
15404 60
15716 67
16028 88
16348 99
16660 124
16972 143
17288 167
17600 193
17916 224
18232 252
18544 280
18856 312
19168 344
19488 376
19800 399
20112 432
20432 462
20744 487
21056 513
21376 542
21688 568
22000 583
22316 608
22632 624
22944 636
23256 639
23572 655
23884 664
24200 668
24516 670
24828 664
25140 655
25460 639
25772 639
26084 624
26404 608
26716 591
27028 572
27340 543
27660 519
27972 496
28284 472
28600 440
28916 412
29228 384
29544 352
29856 319
30168 287
30484 255
30800 227
31112 199
31424 176
31744 152
32056 127
32368 103
32688 88
33000 71
33312 62
33632 49
33944 46
34256 39
34568 35
34884 39
35200 46
35512 49
35828 62
36140 71
36452 88
36772 103
37084 127
37396 152
37716 176
38028 199
38340 227
38652 255
38972 287
39284 318
39596 352
39916 384
40228 408
40540 440
40856 465
41172 496
41484 519
41800 543
42112 568
42424 590
42736 608
43056 624
43368 639
43680 639
44000 655
44312 668
44624 670
44944 670
45256 664
45568 655
45888 639
46200 636
46512 624
46824 608
47140 583
47456 568
47768 543
48084 515
48396 487
48708 463
49028 432
49340 408
49652 376
49972 344
50284 312
50596 280
50908 252
51228 224
51540 193
51852 167
52168 143
52484 124
52796 103
53112 88
53424 71
53736 60
54056 49
54368 39
54680 39
54992 35
55312 39
55624 48
55936 56
56256 63
56568 76
56880 94
57200 112
57512 127
57824 156
58140 179
58456 207
58768 231
59080 255
59396 291
59708 319
60020 353
60340 385
60652 415
60964 448
61284 472
61596 504
61908 527
62220 551
62540 574
62852 591
63164 611
63484 632
63796 639
64108 652
64424 655
64740 668
65052 670
65368 668
65680 664
65992 655
66304 639
66624 636
66936 620
67248 604
67568 575
67880 560
68192 536
68512 511
68824 483
69136 455
69456 423
69768 398
70080 368
70392 335
70708 304
71024 271
71336 248
71652 216
71964 192
72276 163
72596 135
72908 120
73220 97
73540 79
73852 63
74164 56
74476 48
74796 39
75108 35
75420 35
75740 39
76052 48
76364 56
76680 63
76992 79
77308 96
77624 113
77936 135
78248 159
78560 184
78880 216
79192 240
79504 270
79824 300
80136 327
