4 316
116 319
232 319
344 319
456 327
568 334
680 335
796 344
912 348
1024 352
1136 355
1248 359
1360 368
1472 369
1584 384
1696 384
1808 385
1924 391
2036 398
2148 399
2260 408
2372 415
2484 419
2596 423
2708 432
2820 440
2940 448
3052 451
3164 455
3276 463
3388 472
3500 480
3612 483
3724 492
3840 497
3956 508
4068 512
4180 519
4292 527
4404 536
4516 542
4632 543
4744 556
4856 561
4972 572
5084 575
5196 575
5312 588
5424 591
5536 600
5648 604
5760 608
5872 609
5988 615
6104 615
6216 622
6328 624
6440 624
6552 625
6664 632
6776 632
6888 632
7008 632
7120 632
7232 632
7344 632
7456 632
7568 632
7680 632
7792 632
7904 632
8024 632
8136 625
8248 624
8360 624
8472 624
8584 615
8696 615
8808 611
8920 609
9040 608
9152 608
9264 600
9376 600
9488 591
9600 591
9712 583
9824 575
9940 575
10056 574
10168 568
10280 568
10392 560
10504 551
10620 547
10732 543
10844 540
10956 536
11072 527
11184 519
11300 515
11412 511
11524 504
11636 497
11748 494
11860 487
11972 480
12092 476
12204 465
12316 462
12428 455
12540 448
12652 440
12764 433
12876 428
12988 419
13108 414
13220 408
13332 399
13444 391
13556 384
13668 384
13780 369
13892 366
14004 355
14124 352
14236 344
14348 335
14460 327
14572 319
14684 319
14796 318
14908 312
15020 312
15140 304
15252 304
15364 295
15476 295
15588 295
15700 287
15816 287
15928 287
16040 287
16156 287
16268 287
16380 287
16496 287
16608 287
16720 287
16832 287
16944 287
17056 287
17168 287
17284 287
17396 291
17508 295
17620 295
17732 300
17844 304
17956 304
18068 312
18180 312
18300 316
18412 319
18524 319
18636 319
18748 327
18860 334
18976 335
19088 344
19200 348
19316 352
19428 353
19540 359
19656 368
19768 369
19880 384
19992 384
20104 384
20216 391
20332 398
20448 399
20560 408
20672 415
20784 419
20896 423
21008 432
21120 440
21232 448
21352 449
21464 455
21576 463
21688 472
21800 480
21912 483
22024 487
22136 496
22248 504
22368 511
22480 519
22592 527
22704 536
22816 542
22928 543
23040 551
23152 560
23264 568
23384 575
23496 575
23608 583
23720 591
23832 600
23944 604
24056 608
24172 608
24284 611
24400 615
24512 620
24624 624
24736 624
24852 625
24964 632
25076 632
25188 632
25300 632
25416 632
25532 632
25644 632
25756 632
25868 632
25980 632
26092 632
26204 632
26316 632
26436 625
26548 624
26660 624
26772 624
26884 620
26996 615
27108 611
27220 609
27332 608
27452 608
27564 600
27676 600
27788 591
27900 591
28012 583
28124 575
28236 575
28348 574
28468 568
28580 568
28692 560
28804 551
