24 0
736 7
1456 15
2172 24
2892 31
3604 35
4324 46
5040 51
5752 60
6472 63
7192 71
7904 79
8620 88
9340 96
10060 103
10772 110
11492 113
12208 124
12920 127
13640 135
14360 143
15072 152
15788 156
16508 159
17228 167
17940 176
18660 184
19376 192
20088 192
20808 199
21528 207
22240 211
22956 220
23676 224
24396 227
25108 236
25828 241
26544 248
27256 254
27976 255
28696 255
29408 271
30124 275
30844 284
31564 287
32276 287
32996 295
33712 304
34424 312
35144 316
35864 319
36576 319
37292 327
38012 335
38732 339
39444 344
40164 352
40880 353
41592 359
42312 368
43032 368
43744 384
44460 384
45180 384
45900 387
46612 391
47332 399
48048 403
48760 408
49480 414
50200 415
50912 419
51628 423
52348 432
53068 433
53780 440
54500 448
55216 448
55928 451
56648 455
57368 460
58080 463
58796 472
59516 472
60236 480
60948 480
61668 483
62384 487
63096 494
63816 496
64536 504
65248 504
65964 510
66684 512
67404 515
68116 519
68836 524
69552 527
70264 527
70984 536
71704 540
72416 542
73132 543
73852 543
74572 551
75284 556
76004 560
76720 561
77432 568
78152 568
78872 574
79584 575
80300 575
81020 575
81740 583
82452 590
83172 591
83888 600
84600 600
85320 600
86040 608
86752 608
87468 609
88188 615
88908 615
89620 620
90340 624
91056 625
91768 632
92488 632
93208 636
93920 638
94636 639
95356 639
96076 639
96788 639
97504 652
98224 655
98936 655
99656 655
100376 664
101088 664
101804 668
102524 671
103244 671
103956 671
104672 675
105392 679
106104 684
106824 688
107544 688
108256 689
108972 696
109692 696
110412 696
111124 704
111840 704
112560 704
113272 705
113992 707
114712 711
115424 711
116140 716
116860 719
117580 719
118292 719
119008 728
119728 728
120440 728
121160 736
121880 736
122592 736
123308 737
124028 739
124748 743
125460 743
126176 768
126896 768
127608 768
128328 768
129048 768
129760 768
130476 768
131196 768
131916 768
132628 768
133344 768
134064 768
134776 768
135496 769
136216 771
136928 775
137644 775
138364 775
139084 782
139796 783
140512 783
141232 783
141944 783
142664 792
143384 792
144096 792
144812 796
145532 796
146252 799
146964 799
147680 799
148400 799
149112 799
149832 807
150552 807
151264 807
151980 812
152700 812
153420 816
154132 816
154848 816
155568 816
156280 824
157000 824
157720 824
158432 824
159148 824
159868 828
160588 828
161300 830
162016 831
162736 831
163448 831
164168 831
164888 831
165600 831
166316 839
167036 839
167756 839
168468 844
169184 844
169904 846
170616 847
171336 847
172056 847
172768 847
173484 856
174204 856
174924 856
175636 856
176352 856
177072 860
177784 860
178504 864
179220 864
179936 864
180652 864
181372 864
182092 865
182804 867
