4 768
316 768
632 768
948 768
1260 771
1572 775
1892 783
2204 783
2516 792
2828 796
3148 798
3460 799
3772 799
4092 799
4404 799
4716 799
5032 799
5348 799
5660 799
5976 796
6288 792
6600 792
6912 783
7232 783
7544 775
7856 769
8176 768
8488 768
8800 768
9120 743
9432 737
9744 732
10064 719
10376 711
10688 704
11000 696
11316 684
11632 671
11944 664
12260 647
12572 639
12884 632
13204 615
13516 604
13828 591
14148 575
14460 568
14772 551
15084 540
15404 527
15716 512
16028 499
16348 483
16660 472
16972 455
17288 448
17600 432
17916 415
18232 401
18544 387
18856 384
19168 359
19488 352
19800 335
20112 319
20432 312
20744 300
21056 287
21376 280
21688 255
22000 255
22316 248
22632 231
22944 224
23256 216
23572 207
23884 199
24200 192
24516 184
24828 176
25140 167
25460 159
25772 158
26084 152
26404 147
26716 143
27028 135
27340 135
27660 127
27972 127
28284 127
28600 127
28916 127
29228 127
29544 127
29856 127
30168 127
30484 135
30800 135
31112 143
31424 143
31744 152
32056 156
32368 159
32688 163
33000 174
33312 179
33632 192
33944 193
34256 199
34568 211
34884 224
35200 231
35512 240
35828 252
36140 255
36452 271
36772 284
37084 295
37396 305
37716 319
38028 327
38340 344
38652 355
38972 369
39284 384
39596 396
39916 412
40228 423
40540 440
40856 448
41172 463
41484 480
41800 487
42112 504
42424 515
42736 527
43056 543
43368 556
43680 572
44000 575
44312 591
44624 608
44944 615
45256 632
45568 639
45888 652
46200 664
46512 671
46824 684
47140 696
47456 704
47768 711
48084 719
48396 732
48708 737
49028 743
49340 768
49652 768
49972 768
50284 771
50596 775
50908 783
51228 783
51540 792
51852 796
52168 798
52484 799
52796 799
53112 799
53424 799
53736 799
54056 799
54368 799
54680 799
54992 798
55312 796
55624 792
55936 783
56256 783
56568 775
56880 771
57200 768
57512 768
57824 768
58140 743
58456 736
58768 732
59080 719
59396 711
59708 704
60020 696
60340 684
60652 671
60964 664
61284 639
61596 639
61908 632
62220 615
62540 604
62852 591
63164 575
63484 568
63796 551
64108 540
64424 526
64740 511
65052 497
65368 483
65680 472
65992 455
66304 448
66624 432
66936 415
67248 399
67568 387
67880 384
68192 359
68512 352
68824 335
69136 319
69456 312
69768 295
70080 287
70392 280
70708 255
71024 255
71336 248
71652 231
71964 224
72276 216
72596 207
72908 199
73220 192
73540 184
73852 176
74164 167
74476 159
74796 158
75108 152
75420 147
75740 143
76052 142
76364 135
76680 127
76992 127
77308 127
77624 127
77936 127
78248 127
78560 127
78880 127
79192 127
79504 135
79824 135
80136 142
