24 504
136 511
256 519
368 526
480 536
592 540
704 543
816 543
932 551
1044 556
1156 560
1272 560
1384 561
1496 568
1612 568
1724 568
1836 568
1948 568
2060 568
2172 568
2288 561
2404 560
2516 560
2628 551
2740 551
2852 543
2964 543
3076 540
3188 536
3308 527
3420 526
3532 519
3644 512
3756 508
3868 504
3980 496
4092 487
4204 480
4324 472
4436 463
4548 455
4660 448
4772 440
4884 432
4996 423
5108 415
5220 408
5340 399
5452 391
5564 384
5676 384
5788 384
5900 369
6012 368
6128 364
6240 359
6356 359
6468 355
6580 353
6692 353
6808 352
6920 352
7032 353
7144 353
7256 355
7372 359
7488 359
7600 364
7712 368
7824 368
7936 376
8048 384
8160 384
8272 385
8392 391
8504 398
8616 399
8728 408
8840 415
8952 419
9064 430
9176 433
9288 448
9408 449
9520 455
9632 463
9744 476
9856 481
9968 492
10080 504
10192 510
10304 515
10424 524
10536 527
10648 536
10760 542
10872 543
10984 551
11096 551
11208 558
11324 560
11440 560
11552 563
11664 568
11776 568
11888 568
12004 568
12116 568
12228 568
12340 560
12456 560
12568 560
12684 551
12796 551
12908 543
13020 543
13132 542
13244 536
13356 529
13476 527
13588 519
13700 513
13812 508
13924 504
14036 496
14148 487
14260 480
14372 476
14484 463
14604 455
14716 449
14828 448
14940 432
15052 423
15164 415
15276 408
15388 399
15500 391
15620 385
15732 384
15844 384
15956 376
16068 368
16180 364
16292 359
16404 359
16516 355
16636 353
16748 353
16860 353
16972 353
17084 353
17196 353
17308 355
17420 359
17536 359
17652 359
17764 368
17876 368
17988 376
18100 384
18212 384
18324 384
18440 391
18552 391
18668 399
18780 408
18892 414
19004 415
19116 423
19232 432
19344 440
19456 448
19568 455
19684 463
19796 472
19912 480
20024 487
20136 497
20248 508
20360 513
20472 519
20584 527
20704 536
20816 542
20928 543
21040 547
21152 551
21264 558
21376 560
21488 560
21600 568
21720 568
21832 568
21944 568
22056 568
22168 568
22280 568
22392 561
22504 560
22616 560
22736 556
22848 551
22960 547
23072 543
23184 543
23296 536
23408 536
23520 527
23632 519
23752 515
23864 511
23976 504
24088 496
24200 487
24312 483
24428 480
24540 472
24652 462
24768 451
24880 448
24992 435
25108 423
25220 415
25332 412
25444 399
25556 391
25668 387
25784 384
25900 384
26012 376
26124 368
26236 368
26348 359
26460 359
26572 355
26684 355
26804 353
26916 353
27028 352
27140 353
27252 353
27364 355
27476 355
27588 359
27700 359
27820 368
27932 368
28044 371
28156 384
28268 384
28380 384
28492 387
28604 391
28716 399
28836 408
28956 414
29068 415
29180 423
29292 432
29404 440
29524 448
29636 455
29748 463
29860 472
29972 480
30084 487
30196 496
30308 504
30420 512
30540 519
30652 527
30764 536
30876 540
30988 543
31100 547
31212 551
31328 556
31440 560
31556 560
31668 563
31780 568
31892 568
32008 568
32120 568
32232 568
32344 568
32456 561
32572 560
32688 560
32800 558
32912 551
33024 551
33136 543
33248 543
33360 540
33472 536
33592 527
33704 519
33816 515
33928 511
34040 504
34152 497
34264 492
34376 483
34488 480
34608 472
34720 463
34832 451
34944 448
35056 440
35168 430
35280 419
35392 412
35504 403
35624 398
35736 387
35848 384
35960 384
36072 376
36184 368
36296 368
36408 359
36524 359
36640 355
36752 355
36864 353
36976 353
37088 352
37204 353
37316 353
37428 355
37540 355
37656 359
37768 359
37884 368
37996 368
38108 369
38220 384
38332 384
38444 384
38556 387
38676 391
38788 399
38900 408
39012 412
39124 415
39236 423
39348 432
39460 440
39572 448
39692 451
39804 460
39916 472
40028 480
40140 483
40252 496
40364 504
40476 511
40588 519
40700 526
40820 536
40932 540
41044 543
41156 543
41268 551
41380 556
41492 560
41604 560
41716 561
41836 568
41948 568
42060 568
42172 568
42284 568
42396 568
42512 561
42624 560
42736 560
42852 558
42964 551
43076 551
43192 543
43304 543
43416 540
43528 536
43640 527
43752 526
43868 519
43984 512
44096 508
44208 504
44320 496
44432 487
44544 480
44656 472
44768 463
44888 455
45000 448
45112 440
45224 432
45336 423
45448 414
45560 408
45672 399
45784 391
45904 384
46016 384
46128 376
46240 369
46352 368
46464 359
46576 359
46688 359
46800 355
46920 353
47032 353
47144 352
47256 352
47368 353
47480 353
47592 355
47708 359
47820 359
47936 364
48048 368
48160 368
48272 376
48388 384
48500 384
48612 385
48724 391
48836 398
48952 399
49068 408
49180 415
49292 419
49404 430
49516 435
49628 448
49740 449
49852 455
49972 463
50084 476
50196 481
50308 492
50420 504
50532 510
50644 515
50756 526
50868 527
50988 536
51100 543
51212 543
51324 551
51436 551
51548 560
51660 560
51772 561
51884 568
52004 568
52116 568
52228 568
52340 568
52452 568
52564 568
52676 561
52788 560
52904 560
53020 556
53132 551
53244 543
53356 543
53468 542
53584 536
53696 531
53808 527
53920 519
54036 513
54148 508
54264 504
54376 496
54488 487
54600 480
54712 476
54824 463
54936 455
55056 449
55168 448
55280 432
55392 423
55504 415
55616 408
55728 399
55840 391
55952 385
56064 384
56184 384
56296 376
56408 368
56520 366
56632 359
56744 359
56856 355
56968 353
57080 353
57200 353
57312 352
57424 353
57536 353
57648 355
57760 359
57880 359
57996 359
58112 368
58224 368
58336 376
58448 384
58560 384
58672 384
58784 391
58896 391
59016 399
59128 408
59240 414
59352 415
59464 423
59576 432
59688 440
59800 448
59912 455
60032 463
60144 472
60256 480
60368 487
60480 497
60592 508
60704 513
60816 519
60928 527
61048 536
61160 542
61272 543
61384 551
61496 551
61608 558
61720 560
61836 560
61948 568
62064 568
62176 568
62288 568
62400 568
62516 568
62628 568
62740 561
62852 560
62964 560
63080 556
63196 551
63308 547
63420 543
63532 542
63644 536
63756 536
63868 527
63980 519
64100 515
64212 510
64324 504
64436 496
64548 487
64660 481
64772 480
64884 472
64996 462
65116 451
65228 448
65340 435
65452 428
65564 415
65676 412
65788 399
65900 391
66012 387
66132 384
66244 384
66356 376
66468 368
66580 368
66692 359
66804 359
66916 355
67028 355
67148 353
67260 353
67372 353
67484 353
67596 353
67708 355
67824 355
67936 359
68048 359
68164 368
68276 368
68388 376
68504 384
68616 384
68728 384
68840 387
68952 391
69064 399
69180 408
69296 414
69408 415
69520 423
69632 432
69744 440
69856 448
69968 455
70080 462
70192 472
70312 480
70424 487
70536 496
70648 504
70760 512
70872 519
70984 527
71096 536
71208 540
71328 543
71440 547
71552 551
71664 556
71776 560
71888 560
72000 568
72112 568
72224 568
72344 568
72456 568
72568 568
72680 568
72792 561
72904 560
73020 560
73132 558
73244 551
73360 547
73472 543
73584 543
73700 540
73812 536
73924 527
74036 524
74148 515
74260 512
74376 504
74492 497
74604 492
74716 483
74828 480
74940 472
75052 463
75164 455
75276 448
75396 440
75508 432
75620 415
75732 412
75844 403
75956 398
76068 387
76180 384
76292 384
76412 376
76524 368
76636 368
76748 359
76860 359
76972 355
77084 355
77196 353
77308 352
77428 352
77540 353
77652 353
77764 355
77876 355
77988 359
78100 359
78216 364
78328 368
78444 369
78556 376
78668 384
78780 384
78896 387
79008 391
79120 399
79232 403
79344 412
79460 415
79576 423
79688 432
79800 440
79912 448
80024 451
80136 455
80248 465
80360 480
80480 483
80592 496
80704 504
80816 511
80928 519
81040 526
81152 531
81264 540
81376 543
81496 543
81608 551
81720 551
81832 560
81944 560
82056 561
82168 568
82280 568
82392 568
82512 568
82624 568
82736 568
82848 563
82960 560
83072 560
83184 560
83296 551
83412 551
83528 543
83640 543
83752 540
83864 536
83976 527
84092 526
84204 519
84316 512
84428 508
84544 504
84656 496
84772 487
84884 480
84996 472
85108 463
85220 455
85332 448
85444 440
85564 432
85676 423
85788 415
85900 408
86012 399
86124 391
86236 384
86348 384
86460 384
86572 369
86692 368
86808 359
86920 359
87036 359
87148 355
87260 353
87372 353
87484 353
87596 353
87708 353
87828 355
87940 355
88052 359
88164 359
88276 364
88388 368
88500 369
88612 376
88724 384
88844 384
88956 385
89068 391
89180 399
89292 403
89404 408
89516 415
89628 419
89740 432
89860 440
89972 448
90084 449
90196 455
90308 463
90420 476
90532 481
90644 492
90756 504
90876 510
90988 515
91100 526
91212 529
91324 536
91436 543
91552 543
91664 551
91776 556
91888 560
92004 560
92116 561
92232 568
92344 568
92456 568
92568 568
92680 568
92792 568
92904 568
93024 561
93136 560
93248 560
93360 556
93472 551
93584 543
93696 543
93808 542
93920 536
94040 527
94152 527
94264 519
94376 513
94488 508
94600 504
94712 496
94824 487
94936 480
95056 476
95168 463
95280 455
95392 449
95504 448
95616 432
95728 423
95840 415
95952 408
96072 399
96184 391
96296 385
96408 384
96520 384
96632 371
96748 368
96860 364
96972 359
97088 359
97200 355
97312 353
97428 353
97540 353
97652 352
97764 353
97876 353
97988 355
98104 359
98220 359
98332 359
98444 368
98556 368
98668 376
98780 384
98892 384
99004 384
99124 391
99236 391
99348 399
99460 408
99572 415
99684 415
99796 423
99908 432
100020 440
100140 448
100252 455
100364 463
100476 472
100588 480
100700 487
100812 497
100924 508
101036 513
101156 519
101268 527
101380 536
101492 542
101604 543
101716 547
101828 551
101944 558
102056 560
102172 560
102284 563
102396 568
102508 568
102624 568
102736 568
102848 568
102960 568
103072 561
103188 560
103304 560
103416 556
103528 551
103640 547
103752 543
103864 542
103976 536
104088 536
104208 527
104320 519
104432 513
104544 510
104656 504
104768 496
104880 487
104992 481
105104 476
105224 467
105336 460
105448 451
105560 448
105672 440
105784 423
105896 415
106008 412
106120 399
106240 391
106352 387
106464 384
106576 384
106688 376
106800 368
106912 368
107024 359
107136 359
107252 355
107368 355
107480 353
107592 353
107704 353
107816 353
107932 353
108044 355
108156 359
108268 359
108384 359
108496 368
108608 368
108720 376
108832 384
108944 384
109056 384
109168 387
109280 391
109400 399
109512 408
109624 414
109736 415
109848 423
109960 432
110072 440
110184 448
110300 451
110416 463
110528 472
110640 480
110752 487
110864 496
110976 504
111092 512
111204 519
111316 527
111432 536
111544 540
111656 543
111772 543
111884 551
111996 556
112108 560
112220 560
112332 561
112448 568
112564 568
112676 568
112788 568
112900 568
113012 568
113124 561
113236 560
113348 560
113468 558
113580 551
113692 551
113804 543
113916 543
114028 540
114140 536
114252 527
114364 524
114484 515
114596 511
114708 504
114820 497
114932 492
115044 483
115156 480
115268 472
115380 463
115500 451
115612 448
115728 440
115840 432
115952 419
116064 412
116184 403
116296 398
116408 387
116520 384
116632 384
116744 376
116856 368
116968 368
117080 359
117200 359
117312 355
117424 355
117536 353
117648 353
117760 352
117872 353
117984 353
118100 355
118216 355
118328 359
118440 359
118552 366
118664 368
118780 369
118892 376
119004 384
119116 384
119232 387
119344 391
119460 399
119572 408
119684 412
119796 415
119908 423
120020 432
120132 440
120252 448
120364 451
120476 460
120588 472
120700 480
120812 483
120924 496
121036 504
121148 511
121268 519
121380 526
121492 536
121604 540
121716 543
121828 543
121940 551
122052 551
122164 560
122284 560
122396 561
122508 568
122620 568
122732 568
122844 568
122956 568
123068 568
123180 561
123300 560
123412 560
123524 558
123636 551
123748 551
123860 543
123976 543
124088 540
124200 536
124316 527
124428 524
124540 519
124656 512
124768 508
124880 504
124992 496
125104 487
125216 480
125332 472
125448 463
125560 455
125672 448
125784 440
125896 432
126008 423
126120 414
126232 408
126352 399
126464 391
126576 384
126688 384
126800 384
126912 369
127024 368
127136 359
127248 359
127368 355
127480 355
127592 353
127704 353
127816 352
127928 353
128040 353
128152 355
128264 355
128376 359
128496 359
128608 364
128720 368
128832 369
128944 376
129056 384
129168 384
129284 385
129396 391
129512 399
129624 399
129736 408
129848 415
129964 419
130076 430
130188 435
130300 448
130412 449
130528 455
130644 463
130756 476
130868 481
130980 492
131092 504
131204 510
131316 515
131428 524
131548 529
131660 536
131772 543
131884 543
131996 551
132108 551
132220 560
132332 560
132444 561
132564 568
132676 568
132788 568
132900 568
133012 568
133124 568
133236 568
133348 561
133460 560
133580 560
133692 556
133804 551
133916 543
134028 543
134140 542
134252 536
134364 529
134480 527
134596 519
134708 513
134820 508
134932 504
135044 496
135160 487
135272 480
135384 476
135496 463
135612 455
135724 449
135840 448
135952 432
136064 423
136176 415
136288 408
136400 399
136512 391
136632 385
136744 384
136856 384
136968 376
137080 368
137192 366
137304 359
137416 359
137528 355
137648 353
137760 353
137872 353
137984 352
138096 353
138208 353
138320 355
138432 355
138544 359
138664 359
138776 368
138888 368
139000 376
139112 384
139224 384
139336 384
139448 391
139560 391
139680 399
139792 408
139904 414
140016 415
140128 423
140240 432
140356 440
140468 448
140580 455
140696 463
140808 472
140920 480
141036 487
141148 496
141260 508
141372 513
141484 519
141596 527
141712 536
141828 542
141940 543
142052 547
142164 551
142276 556
142388 560
142500 560
142612 563
142732 568
142844 568
142956 568
143068 568
143180 568
143292 568
143404 560
143516 560
143628 560
143740 556
143860 551
143972 547
144084 543
144196 542
144308 536
144420 536
144532 527
144652 519
144768 515
144880 511
144996 504
145108 496
145220 487
145332 481
145444 480
145556 472
145668 460
145788 451
145900 448
146012 435
146124 423
146236 415
146348 412
146460 399
146572 391
146684 387
146804 384
146916 384
147028 376
147140 368
147252 368
147364 359
147476 359
147588 355
147700 353
147820 353
147932 353
148044 353
148156 353
148268 353
148380 355
148492 355
148604 359
148716 359
148836 368
148948 368
149060 376
149172 384
149284 384
149396 384
149508 387
149620 391
149736 399
149852 408
149964 414
150076 415
150188 423
150300 432
150416 440
150528 448
150640 451
150752 463
150864 472
150980 480
151096 487
151208 496
151320 504
151432 512
151544 519
151656 527
151768 536
151880 540
152000 543
152112 547
152224 551
152336 558
152448 560
152560 560
152672 563
152784 568
152896 568
153016 568
153128 568
153240 568
153352 568
153464 563
153576 561
153688 560
153800 558
153912 551
154032 551
154144 543
154256 543
154368 540
154480 536
154592 527
154704 524
154816 515
154932 512
155048 504
155160 497
155272 492
155384 483
155496 480
155612 472
155724 463
155836 455
155948 448
156064 440
156176 432
156292 419
156404 412
156516 408
156628 398
156740 391
156852 384
156964 384
157084 376
157196 369
157308 368
157420 359
157532 359
157644 359
157756 355
157868 353
157980 353
158100 353
158212 353
158324 353
158436 355
158548 355
158660 359
158772 359
158884 366
158996 368
159116 371
159228 384
159340 384
159452 384
159564 387
159676 391
159788 399
159900 408
160012 412
160132 415
160244 423
160356 432
160468 440
160580 448
160692 451
160808 462
160920 472
161032 480
161148 487
161260 496
161372 504
161488 512
161600 519
161712 527
161824 536
161936 540
162048 543
162164 547
162280 551
162392 558
162504 560
162616 561
162728 568
162840 568
162952 568
163064 568
163184 568
163296 568
163408 568
163520 568
163632 561
163744 560
163856 560
163968 556
164080 551
164200 543
164312 543
164424 540
164536 536
164648 527
164760 526
164872 519
164984 513
165096 508
165216 504
165328 496
165440 487
165552 480
165664 472
165776 463
165888 455
166004 448
166116 440
166232 432
166344 423
166456 415
166568 408
166684 399
166796 391
166908 385
167020 384
167132 384
167244 369
167360 368
167472 364
167584 359
167696 359
167808 355
167920 353
168032 353
168144 353
168256 353
168376 353
168488 355
168600 355
168712 359
168824 359
168936 364
169048 368
169164 369
169276 376
169392 384
169504 384
169616 385
169728 391
169844 398
169956 399
170068 408
170180 415
170292 419
170408 432
170524 440
170636 448
170748 449
170860 455
170972 463
171084 476
171196 481
171308 492
171428 504
171540 510
171652 515
171764 526
171876 527
171988 536
172100 543
172212 543
172324 551
172444 556
172556 560
172668 560
172780 561
172892 568
173004 568
173116 568
173228 568
173340 568
173460 568
173572 568
173684 561
173804 560
173916 560
174028 556
174140 551
174252 543
174364 543
174476 542
174588 536
174700 529
174816 526
174932 519
175044 513
175156 508
175268 504
175380 496
175496 487
175608 480
175720 476
175832 463
175948 455
176060 449
176176 448
176288 433
176400 423
176512 415
176624 408
176736 399
176848 391
176968 385
177080 384
177192 384
177304 371
177416 368
177528 364
177640 359
177752 359
177864 355
177984 353
178096 353
178208 352
178320 352
178432 353
178544 353
178656 355
178768 359
178880 359
179000 359
179112 368
179224 368
179336 376
179448 384
179560 384
179672 384
179784 391
179896 391
180016 399
180128 408
180240 414
180352 415
180464 423
180576 432
180688 440
180804 448
180916 455
181032 463
181144 472
181256 480
181368 487
181484 496
181596 508
181708 513
181820 519
181932 527
182048 536
182164 542
182276 543
182388 547
182500 551
182612 560
182724 560
182836 561
182948 568
183068 568
183180 568
183292 568
183404 568
183516 568
183628 568
183740 563
183852 560
183964 560
184084 556
184196 551
184308 551
184420 543
184532 543
184644 540
184756 536
184868 527
184980 519
185100 515
185212 511
185324 504
185436 497
185548 487
185660 483
185772 480
185884 472
186000 462
186116 451
186228 448
186340 440
186452 428
186564 415
186680 412
186792 399
186904 396
187016 387
187132 384
187244 384
187360 376
187472 368
187584 368
187696 359
187808 359
187920 355
188032 355
188152 353
188264 353
188376 353
188488 353
188600 353
188712 355
188824 355
188936 359
189048 359
189168 368
189280 368
189392 369
189504 384
189616 384
189728 384
189840 387
189952 391
190064 399
190176 408
190296 412
190408 415
190520 423
190632 432
190744 440
190856 448
190968 451
191080 462
191196 472
191312 480
191424 487
191536 496
191648 504
191760 512
191872 519
191984 527
192096 536
192208 540
192328 543
192440 543
192552 551
192664 556
192776 560
192888 560
193000 561
193116 568
193228 568
193344 568
193456 568
193568 568
193680 568
193796 561
193908 560
194020 560
194132 558
194244 551
194360 551
194476 543
194588 543
194700 540
194812 536
194924 527
195036 524
195148 515
195260 512
195380 504
195492 497
195604 494
195716 483
195828 480
195940 472
196052 463
196164 455
196276 448
196396 440
196508 432
196620 419
196732 414
196844 408
196956 398
197068 391
197180 384
197292 384
197412 376
197524 368
197636 368
197748 359
197860 359
197972 355
198084 355
198196 353
198312 353
198428 353
198540 352
198652 353
198764 355
198876 355
198992 359
199104 359
199216 364
199328 368
199444 369
199556 376
199672 384
199784 384
199896 387
200008 391
200120 399
200232 399
200344 412
200464 415
200576 423
200688 432
200800 440
200912 448
201024 449
201136 455
201248 465
201360 476
201480 483
201592 496
201704 504
201816 511
201928 519
202040 526
202152 529
202264 536
202376 543
202484 543
202596 551
202708 551
202820 560
202932 560
203044 561
203156 563
203272 568
203388 568
203500 568
203612 568
203724 568
203836 561
203948 560
204060 560
204172 560
204284 551
204404 551
204516 543
204628 543
204740 540
204852 536
204964 527
205076 526
205192 519
205304 513
205420 508
205532 504
205644 496
205756 487
205872 480
205984 472
206096 463
206208 455
206320 448
206436 440
206552 432
206664 423
206776 415
206888 408
207000 399
207112 391
207224 385
207336 384
207456 384
207568 369
207680 368
207792 364
207904 359
208016 359
208128 355
208240 353
208352 353
208472 352
208584 353
208696 353
208808 353
208920 355
209032 359
209144 359
209256 359
209368 368
209488 368
209600 376
209712 384
209824 384
209936 385
210048 391
210160 396
210272 399
210388 408
210504 414
210616 419
210728 423
210840 432
210952 440
211068 448
211180 455
211292 463
211404 472
211520 480
211632 487
211748 497
211860 508
211972 513
212084 519
212196 527
212308 536
212420 542
212540 543
212652 551
212764 551
212876 558
212988 560
213100 561
213212 563
213324 568
213436 568
213556 568
213668 568
213780 568
213892 568
214004 561
214116 560
214228 560
214340 556
214452 551
214572 547
214684 543
214796 543
214908 536
215020 536
215132 527
215244 519
215356 515
215468 511
215588 504
215700 496
215812 487
215924 481
216036 480
216148 472
216264 462
216376 451
216488 448
216604 435
216716 423
216828 415
216944 412
217056 399
217168 391
217280 387
217392 384
217504 384
217620 376
217736 368
217848 368
217960 359
218072 359
218184 355
218296 355
218408 353
218520 353
218632 352
218748 353
218860 353
218972 355
219084 355
219196 359
219308 359
219420 368
219532 368
219644 371
219764 384
219876 384
219988 384
220100 387
220212 391
220324 399
220436 408
220548 412
220664 415
220780 423
220892 432
221004 440
221116 448
221228 451
221340 463
221456 472
221568 480
221680 487
221796 496
221908 504
222020 512
222136 519
222248 527
222360 536
222472 540
222584 543
222696 543
222812 551
222928 556
223040 560
223152 560
223264 561
223376 568
223488 568
223600 568
223712 568
223832 568
223944 568
224056 561
224168 560
224280 560
224392 558
224504 551
224616 547
224728 543
224848 543
224960 540
225072 536
225184 527
225296 519
225408 515
225520 511
225632 504
225744 497
225864 492
225976 483
226088 480
226200 472
226312 463
226424 455
226536 448
226652 440
226764 432
226880 419
226992 412
227104 408
227216 398
227332 387
227444 384
227556 384
227668 376
227780 368
227896 368
228012 359
228124 359
228236 355
228348 355
228460 353
228572 353
228684 352
228796 353
228916 353
229028 355
229140 355
229252 359
229364 359
229476 364
229588 368
229700 369
229812 376
229932 384
230044 384
230156 387
230268 391
230380 399
230492 403
230604 412
230716 415
230828 423
230948 432
231060 440
231172 448
231284 451
