4 387
116 387
232 387
344 387
456 387
568 387
680 391
796 391
912 398
1024 399
1136 408
1248 412
1360 415
1472 423
1584 430
1696 435
1808 448
1924 449
2036 455
2148 467
2260 480
2372 487
2484 496
2596 504
2708 508
2820 512
2940 519
3052 519
3164 527
3276 527
3388 527
3500 531
3612 531
3724 529
3840 527
3956 527
4068 527
4180 524
4292 519
4404 515
4516 511
4632 508
4744 504
4856 496
4972 487
5084 480
5196 472
5312 463
5424 455
5536 448
5648 440
5760 432
5872 419
5988 415
6104 408
6216 399
6328 399
6440 391
6552 391
6664 387
6776 387
6888 385
7008 387
7120 387
7232 387
7344 391
7456 391
7568 398
7680 399
7792 408
7904 412
8024 415
8136 419
8248 428
8360 433
8472 448
8584 449
8696 455
8808 463
8920 480
9040 483
9152 496
9264 504
9376 508
9488 512
9600 519
9712 519
9824 527
9940 527
10056 527
10168 531
10280 531
10392 531
10504 527
10620 527
10732 527
10844 524
10956 519
11072 515
11184 511
11300 508
11412 504
11524 496
11636 487
11748 480
11860 472
11972 463
12092 455
12204 448
12316 440
12428 432
12540 419
12652 415
12764 408
12876 403
12988 399
13108 391
13220 391
13332 391
13444 387
13556 387
13668 385
13780 387
13892 387
14004 391
14124 391
14236 398
14348 399
14460 408
14572 412
14684 415
14796 419
14908 428
15020 433
15140 448
15252 448
15364 455
15476 463
15588 480
15700 483
15816 496
15928 504
16040 508
16156 512
16268 519
16380 519
16496 527
16608 527
16720 527
16832 531
16944 536
17056 531
17168 529
17284 527
17396 527
17508 526
17620 519
17732 515
17844 512
17956 508
18068 504
18180 496
18300 487
18412 480
18524 476
18636 463
18748 455
18860 448
18976 440
19088 432
19200 423
19316 415
19428 408
19540 408
19656 399
19768 391
19880 391
19992 391
20104 387
20216 387
20332 385
20448 387
20560 387
20672 391
20784 391
20896 398
21008 399
21120 408
21232 408
21352 415
21464 419
21576 423
21688 432
21800 440
21912 448
22024 455
22136 463
22248 476
22368 483
22480 496
22592 504
22704 508
22816 512
22928 515
23040 519
23152 526
23264 527
23384 527
23496 529
23608 536
23720 531
23832 527
23944 527
24056 527
24172 526
24284 519
24400 515
24512 512
24624 508
24736 504
24852 496
24964 487
25076 480
25188 476
25300 463
25416 455
25532 448
25644 440
25756 432
25868 423
25980 415
26092 412
26204 403
26316 399
26436 391
26548 391
26660 387
26772 387
26884 385
26996 387
27108 387
27220 387
27332 391
27452 391
27564 396
27676 399
27788 403
27900 408
28012 415
28124 415
28236 423
28348 432
28468 440
28580 448
28692 455
28804 463
