4 48
316 39
632 48
948 51
1260 60
1572 63
1892 79
2204 96
2516 115
2828 135
3148 159
3460 184
3772 211
4092 240
4404 255
4716 295
5032 327
5348 359
5660 391
5976 419
6288 449
6600 480
6912 508
7232 531
7544 560
7856 575
8176 600
8488 615
8800 636
9120 639
9432 655
9744 668
10064 671
10376 671
10688 671
11000 668
11316 664
11632 652
11944 639
12260 624
12572 608
12884 588
13204 568
13516 542
13828 515
14148 487
14460 462
14772 432
15084 399
15404 369
15716 344
16028 312
16348 280
16660 252
16972 224
17288 192
17600 167
17916 143
18232 124
18544 103
18856 88
19168 71
19488 62
19800 56
20112 48
20432 44
20744 44
21056 48
21376 56
21688 63
22000 71
22316 88
22632 103
22944 124
23256 143
23572 167
23884 193
24200 224
24516 252
24828 280
25140 312
25460 344
25772 371
26084 399
26404 432
26716 462
27028 487
27340 513
27660 542
27972 568
28284 583
28600 608
28916 624
29228 639
29544 647
29856 664
30168 668
30484 671
30800 671
31112 671
31424 668
31744 655
32056 639
32368 636
32688 615
33000 600
33312 575
33632 558
33944 536
34256 508
34568 480
34884 449
35200 419
35512 391
35828 359
36140 327
36452 295
36772 255
37084 240
37396 211
37716 184
38028 159
38340 135
38652 115
38972 96
39284 79
39596 63
39916 60
40228 51
40540 48
40856 39
41172 48
41484 48
41800 56
42112 63
42424 79
42736 96
43056 112
43368 127
43680 152
44000 177
44312 206
44624 231
44944 255
45256 287
45568 319
45888 352
46200 384
46512 414
46824 448
47140 472
47456 497
47768 526
48084 551
48396 574
48708 591
49028 611
49340 632
49652 639
49972 655
50284 664
50596 670
50908 671
51228 671
51540 671
51852 664
52168 655
52484 639
52796 632
53112 611
53424 591
53736 572
54056 543
54368 519
54680 496
54992 472
55312 440
55624 412
55936 384
56256 352
56568 318
56880 287
57200 255
57512 227
57824 199
58140 176
58456 152
58768 127
59080 110
59396 92
59708 78
60020 63
60340 56
60652 49
60964 46
61284 39
61596 48
61908 56
62220 60
62540 71
62852 81
63164 97
63484 120
63796 135
64108 159
64424 192
64740 216
65052 241
65368 271
65680 304
65992 327
66304 359
66624 391
66936 423
67248 451
67568 480
67880 508
68192 536
68512 560
68824 575
69136 600
69456 620
69768 636
70080 639
70392 655
70708 668
71024 671
71336 671
71652 671
71964 668
72276 664
72596 639
72908 639
73220 624
73540 608
73852 583
74164 568
74476 540
74796 512
75108 487
75420 455
75740 430
76052 399
76364 368
76680 335
76992 305
77308 280
77624 248
77936 220
78248 192
78560 167
78880 143
79192 120
79504 103
79824 88
80136 71
