4 575
116 590
232 600
344 590
456 575
568 560
680 543
796 536
912 519
1024 510
1136 496
1248 483
1360 476
1472 463
1584 451
1696 448
1808 432
1924 423
2036 414
2148 403
2260 391
2372 384
2484 384
2596 368
2708 359
2820 352
2940 344
3052 335
3164 327
3276 319
3388 316
3500 307
3612 304
3724 318
3840 327
3956 348
4068 359
4180 376
4292 384
4404 398
4516 408
4632 415
4744 432
4856 448
4972 451
5084 463
5196 472
5312 481
5424 492
5536 504
5648 510
5760 519
5872 527
5988 536
6104 543
6216 551
6328 560
6440 568
6552 575
6664 575
6776 590
6888 600
7008 588
7120 574
7232 560
7344 543
7456 536
7568 519
7680 510
7792 496
7904 483
8024 472
8136 463
8248 451
8360 440
8472 432
8584 419
8696 412
8808 399
8920 391
9040 384
9152 384
9264 368
9376 359
9488 352
9600 344
9712 335
9824 327
9940 319
10056 312
10168 305
10280 304
10392 319
10504 334
10620 348
10732 359
10844 376
10956 384
11072 399
11184 408
11300 419
11412 432
11524 448
11636 451
11748 463
11860 472
11972 481
12092 494
12204 504
12316 511
12428 519
12540 527
12652 536
12764 543
12876 551
12988 560
13108 568
13220 575
13332 575
13444 591
13556 600
13668 583
13780 574
13892 560
14004 543
14124 531
14236 519
14348 508
14460 496
14572 483
14684 472
14796 462
14908 449
15020 440
15140 432
15252 419
15364 412
15476 399
15588 391
15700 384
15816 384
15928 368
16040 359
16156 352
16268 344
16380 335
16496 327
16608 319
16720 312
16832 305
16944 305
17056 319
17168 335
17284 352
17396 359
17508 376
17620 385
17732 399
17844 412
17956 419
18068 432
18180 448
18300 455
18412 463
18524 476
18636 483
18748 496
18860 504
18976 512
19088 519
19200 527
19316 540
19428 543
19540 551
19656 560
19768 572
19880 575
19992 575
20104 591
20216 600
20332 583
20448 572
20560 560
20672 543
20784 529
20896 519
21008 508
21120 496
21232 483
21352 472
21464 462
21576 448
21688 440
21800 432
21912 415
22024 412
22136 399
22248 391
22368 384
22480 376
22592 368
22704 355
22816 352
22928 344
23040 335
23152 319
23264 319
23384 312
23496 304
23608 307
23720 319
23832 335
23944 352
24056 359
24172 384
24284 385
24400 399
24512 412
24624 423
24736 433
24852 448
24964 455
25076 463
25188 476
25300 483
25416 496
25532 504
25644 512
25756 519
25868 527
25980 540
26092 543
26204 551
26316 560
26436 572
26548 575
26660 583
26772 591
26884 600
26996 583
27108 568
27220 556
27332 543
27452 527
27564 515
27676 504
27788 494
27900 480
28012 472
28124 455
28236 448
28348 440
28468 428
28580 415
28692 408
28804 399
