4 483
116 496
232 504
344 512
456 519
568 527
680 540
796 543
912 556
1024 560
1136 543
1248 531
1360 519
1472 508
1584 496
1696 483
1808 472
1924 462
2036 449
2148 440
2260 432
2372 419
2484 412
2596 399
2708 391
2820 384
2940 384
3052 368
3164 355
3276 352
3388 344
3500 348
3612 359
3724 376
3840 384
3956 399
4068 408
4180 419
4292 432
4404 448
4516 451
4632 463
4744 472
4856 481
4972 496
5084 504
5196 511
5312 519
5424 527
5536 536
5648 543
5760 551
5872 560
5988 543
6104 536
6216 519
6328 510
6440 496
6552 483
6664 476
6776 463
6888 451
7008 448
7120 432
7232 419
7344 414
7456 399
7568 391
7680 384
7792 384
7904 368
8024 359
8136 352
8248 344
8360 344
8472 355
8584 369
8696 384
8808 391
8920 408
9040 415
9152 432
9264 440
9376 449
9488 463
9600 472
9712 480
9824 487
9940 504
10056 510
10168 519
10280 527
10392 536
10504 543
10620 551
10732 560
10844 551
10956 536
11072 524
11184 511
11300 497
11412 487
11524 480
11636 463
11748 455
11860 448
11972 432
12092 423
12204 415
12316 408
12428 391
12540 385
12652 384
12764 368
12876 359
12988 352
13108 344
13220 344
13332 353
13444 368
13556 384
13668 391
13780 408
13892 415
14004 428
14124 440
14236 448
14348 455
14460 472
14572 480
14684 487
14796 497
14908 508
15020 515
15140 527
15252 536
15364 543
15476 547
15588 560
15700 551
15816 540
15928 527
16040 512
16156 504
16268 487
16380 480
16496 465
16608 455
16720 448
16832 433
16944 423
17056 415
17168 408
17284 398
17396 387
17508 384
17620 369
17732 359
17844 353
17956 348
18068 335
18180 352
18300 368
18412 384
18524 391
18636 399
18748 415
18860 423
18976 440
19088 448
19200 455
19316 472
19428 480
19540 487
19656 496
19768 508
19880 513
19992 524
20104 536
20216 542
20332 543
20448 560
20560 551
20672 543
20784 527
20896 515
21008 504
21120 492
21232 480
21352 472
21464 455
21576 448
21688 440
21800 428
21912 415
22024 408
22136 399
22248 387
22368 384
22480 376
22592 364
22704 355
22816 352
22928 344
23040 352
23152 359
23264 384
23384 387
23496 399
23608 414
23720 423
23832 433
23944 448
24056 455
24172 463
24284 480
24400 487
24512 496
24624 504
24736 513
24852 519
24964 531
25076 540
25188 543
25300 556
25416 558
25532 543
25644 527
25756 515
25868 508
25980 496
26092 481
26204 472
26316 460
26436 448
26548 440
26660 430
26772 415
26884 408
26996 399
27108 391
27220 384
27332 376
27452 368
27564 355
27676 352
27788 344
27900 352
28012 359
28124 376
28236 385
28348 399
28468 412
28580 419
28692 432
28804 448
