4 384
116 384
232 391
344 408
456 415
568 423
680 440
796 448
912 455
1024 472
1136 480
1248 487
1360 496
1472 508
1584 515
1696 526
1808 513
1924 504
2036 487
2148 480
2260 472
2372 455
2484 448
2596 440
2708 423
2820 415
2940 408
3052 399
3164 387
3276 384
3388 384
3500 391
3612 399
3724 415
3840 423
3956 440
4068 448
4180 455
4292 472
4404 480
4516 487
4632 496
4744 508
4856 513
4972 524
5084 515
5196 504
5312 492
5424 480
5536 472
5648 455
5760 448
5872 440
5988 428
6104 415
6216 408
6328 399
6440 387
6552 384
6664 384
6776 387
6888 399
7008 414
7120 423
7232 435
7344 448
7456 455
7568 463
7680 480
7792 487
7904 496
8024 508
8136 513
8248 519
8360 519
8472 504
8584 496
8696 481
8808 472
8920 460
9040 448
9152 440
9264 430
9376 415
9488 412
9600 399
9712 391
9824 384
9940 384
10056 387
10168 399
10280 412
10392 423
10504 433
10620 448
10732 455
10844 463
10956 480
11072 483
11184 496
11300 504
11412 512
11524 519
11636 519
11748 508
11860 496
11972 481
12092 472
12204 460
12316 448
12428 440
12540 432
12652 415
12764 412
12876 399
12988 391
13108 384
13220 376
13332 385
13444 399
13556 412
13668 419
13780 432
13892 448
14004 455
14124 463
14236 476
14348 483
14460 496
14572 504
14684 512
14796 519
14908 519
15020 508
15140 496
15252 483
15364 472
15476 462
15588 449
15700 440
15816 432
15928 419
16040 412
16156 399
16268 391
16380 384
16496 384
16608 384
16720 398
16832 408
16944 419
17056 432
17168 448
17284 451
17396 463
17508 476
17620 481
17732 496
17844 504
17956 511
18068 519
18180 519
18300 510
18412 496
18524 483
18636 476
18748 463
18860 451
18976 448
19088 432
19200 423
19316 414
19428 399
19540 391
19656 384
19768 384
19880 384
19992 396
20104 408
20216 415
20332 432
20448 448
20560 451
20672 463
20784 472
20896 481
21008 492
21120 504
21232 511
21352 519
21464 519
21576 511
21688 497
21800 487
21912 476
22024 463
22136 451
22248 448
22368 432
22480 423
22592 414
22704 408
22816 391
22928 385
23040 384
23152 384
23264 391
23384 408
23496 415
23608 432
23720 440
23832 451
23944 463
24056 472
24172 480
24284 492
24400 504
24512 511
24624 519
24736 526
24852 512
24964 504
25076 487
25188 480
25300 463
25416 455
25532 448
25644 433
25756 423
25868 415
25980 408
26092 396
26204 385
26316 384
26436 384
26548 391
26660 408
26772 415
26884 432
26996 440
27108 449
27220 462
27332 472
27452 480
27564 487
27676 504
27788 510
27900 515
28012 527
28124 512
28236 504
28348 487
28468 480
28580 463
28692 455
28804 448
