4 248
116 241
232 240
344 231
456 227
568 224
680 220
796 216
912 207
1024 207
1136 199
1248 195
1360 192
1472 192
1584 192
1696 184
1808 177
1924 176
2036 174
2148 167
2260 163
2372 159
2484 159
2596 158
2708 156
2820 152
2940 147
3052 143
3164 143
3276 142
3388 135
3500 135
3612 127
3724 127
3840 127
3956 127
4068 126
4180 127
4292 143
4404 163
4516 184
4632 199
4744 216
4856 231
4972 252
5084 255
5196 280
5312 295
5424 312
5536 319
5648 335
5760 352
5872 359
5988 384
6104 387
6216 399
6328 412
6440 423
6552 433
6664 448
6776 455
6888 463
7008 480
7120 483
7232 496
7344 504
7456 512
7568 519
7680 527
7792 540
7904 543
8024 551
8136 561
8248 572
8360 575
8472 583
8584 591
8696 600
8808 608
8920 609
9040 615
9152 624
9264 632
9376 636
9488 639
9600 639
9712 647
9824 655
9940 664
10056 668
10168 671
10280 671
10392 679
10504 688
10620 688
10732 696
10844 704
10956 704
11072 705
11184 707
11300 711
11412 718
11524 719
11636 728
11748 728
11860 736
11972 736
12092 736
12204 739
12316 743
12428 743
12540 768
12652 768
12764 768
12876 768
12988 768
13108 768
13220 768
13332 768
13444 768
13556 769
13668 775
13780 775
13892 775
14004 768
14124 739
14236 728
14348 705
14460 688
14572 671
14684 655
14796 639
14908 625
15020 609
15140 600
15252 575
15364 568
15476 556
15588 543
15700 527
15816 515
15928 504
16040 496
16156 480
16268 472
16380 455
16496 448
16608 440
16720 430
16832 415
16944 408
17056 399
17168 391
17284 384
17396 376
17508 368
17620 355
17732 352
17844 344
17956 334
18068 319
18180 319
18300 312
18412 304
18524 295
18636 287
18748 287
18860 280
18976 271
19088 255
19200 255
19316 255
19428 252
19540 248
19656 240
19768 231
19880 231
19992 225
20104 224
20216 216
20332 211
20448 207
20560 199
20672 199
20784 195
20896 192
21008 192
21120 184
21232 184
21352 177
21464 176
21576 167
21688 167
21800 163
21912 159
22024 159
22136 156
22248 152
22368 152
22480 145
22592 143
22704 143
22816 135
22928 135
23040 127
23152 127
23264 127
23384 127
23496 126
23608 124
23720 135
23832 156
23944 176
24056 192
24172 207
24284 224
24400 240
24512 255
24624 271
24736 287
24852 304
24964 316
25076 327
25188 344
25300 355
25416 369
25532 384
25644 391
25756 408
25868 415
25980 430
26092 440
26204 448
26316 460
26436 472
26548 480
26660 487
26772 497
26884 510
26996 515
27108 526
27220 536
27332 543
27452 551
27564 560
27676 568
27788 574
27900 575
28012 588
28124 591
28236 600
28348 608
28468 611
28580 622
28692 625
28804 632
