20 1020
732 1009
1452 1004
2168 995
2888 992
3600 984
4320 975
5040 967
5752 960
6468 952
7188 945
7900 940
8620 931
9336 927
10056 920
10768 911
11488 903
12208 896
12920 896
13636 881
14356 876
15068 871
15788 864
16504 856
17224 847
17936 844
18656 831
19376 831
20088 824
20804 817
21524 816
22236 807
22956 799
23672 798
24392 792
25104 783
25824 775
26544 771
27256 768
27972 768
28692 768
29404 768
30124 743
30840 736
31560 736
32272 728
32992 719
33712 716
34424 711
35140 705
35860 704
36572 696
37292 688
38008 684
38728 679
39440 671
40160 668
40880 664
41592 655
42308 655
43028 639
43740 639
44460 639
45176 636
45896 632
46608 624
47328 620
48048 615
48760 609
49476 608
50196 604
50908 600
51628 591
52344 590
53064 583
53776 575
54496 575
55216 572
55928 568
56644 561
57364 560
58076 551
58796 547
59512 543
60232 543
60944 540
61664 536
62384 531
63096 527
63812 519
64532 519
65244 513
65964 511
66680 508
67400 504
68112 504
68832 496
69552 492
70264 487
70980 483
71700 480
72412 480
73132 476
73848 472
74568 463
75280 463
76000 462
76720 455
77432 451
78148 448
78868 448
79580 448
80300 440
81016 435
81736 432
82448 432
83168 423
83884 423
84600 419
85316 415
86036 415
86748 412
87468 408
88184 408
88904 399
89616 399
90336 398
91052 391
91768 387
92484 385
93204 384
93916 384
94636 384
95352 384
96072 376
96784 368
97504 368
98220 364
98936 359
99652 359
100372 355
101084 352
101804 352
102520 352
103240 344
103952 344
104672 344
105388 335
106104 335
106820 334
107540 327
108252 327
108972 319
109688 319
110408 319
111120 319
111840 316
112556 312
113272 312
113988 312
114708 305
115420 304
116140 304
116856 295
117576 295
118288 295
119008 287
119724 287
120440 287
121156 287
121876 284
122588 284
123308 280
124024 280
124744 275
125456 271
126176 271
126892 271
127608 255
128324 255
129044 255
129756 255
130476 255
131192 255
131912 255
132624 255
133344 254
134060 252
134776 248
135492 248
136212 248
136924 241
137644 240
138360 240
139080 240
139792 231
140512 231
141228 231
141944 231
142660 227
143380 225
144092 225
144812 224
145528 224
146248 224
146960 220
147680 220
148396 216
149112 216
149828 216
150548 211
151260 207
151980 207
152696 207
153416 206
154128 199
154848 199
155564 199
156280 199
156996 195
157716 195
158428 193
159148 192
159864 192
160584 192
161296 192
162016 192
162732 188
163448 184
164164 184
164884 184
165596 184
166316 179
167032 177
167752 176
168464 176
169184 176
169900 176
170612 174
171332 167
172052 167
172764 167
173484 167
174200 163
174920 163
175632 159
176352 159
177068 159
177780 159
178500 159
179220 158
179932 156
180652 156
181368 152
182088 152
182800 152
