4 463
116 472
232 480
344 487
456 497
568 508
680 513
796 519
912 527
1024 536
1136 540
1248 543
1360 543
1472 551
1584 551
1696 556
1808 560
1924 560
2036 560
2148 560
2260 560
2372 560
2484 560
2596 558
2708 551
2820 551
2940 543
3052 543
3164 543
3276 540
3388 536
3500 527
3612 524
3724 519
3840 512
3956 508
4068 499
4180 494
4292 483
4404 480
4516 472
4632 463
4744 455
4856 448
4972 440
5084 430
5196 419
5312 412
5424 408
5536 399
5648 391
5760 385
5872 384
5988 384
6104 376
6216 368
6328 368
6440 359
6552 359
6664 359
6776 359
6888 359
7008 359
7120 359
7232 359
7344 359
7456 368
7568 368
7680 369
7792 384
7904 384
8024 384
8136 385
8248 391
8360 398
8472 399
8584 408
8696 415
8808 415
8920 423
9040 433
9152 440
9264 448
9376 455
9488 463
9600 472
9712 480
9824 487
9940 497
10056 508
10168 513
10280 519
10392 527
10504 536
10620 540
10732 543
10844 543
10956 551
11072 551
11184 556
11300 560
11412 560
11524 560
11636 560
11748 560
11860 560
11972 558
12092 556
12204 551
12316 551
12428 543
12540 543
12652 542
12764 536
12876 536
12988 527
13108 519
13220 515
13332 511
13444 504
13556 497
13668 492
13780 483
13892 480
14004 472
14124 462
14236 451
14348 448
14460 440
14572 428
14684 415
14796 412
14908 403
15020 398
15140 391
15252 384
15364 384
15476 384
15588 376
15700 368
15816 368
15928 359
16040 359
16156 359
16268 359
16380 359
16496 359
16608 359
16720 359
16832 359
16944 368
17056 368
17168 369
17284 384
17396 384
17508 384
17620 385
17732 391
17844 398
17956 399
18068 408
18180 415
18300 419
18412 428
18524 433
18636 448
18748 448
18860 455
18976 463
19088 472
19200 481
19316 492
19428 504
19540 508
19656 515
19768 519
19880 527
19992 536
20104 540
20216 543
20332 543
20448 551
20560 551
20672 556
20784 560
20896 560
21008 560
21120 560
21232 560
21352 560
21464 560
21576 556
21688 551
21800 551
21912 543
22024 543
22136 542
22248 536
22368 536
22480 527
22592 519
22704 515
22816 511
22928 504
23040 497
23152 492
23264 483
23384 480
23496 472
23608 463
23720 451
23832 448
23944 440
24056 430
24172 415
24284 412
24400 403
24512 398
24624 391
24736 384
24852 384
24964 384
25076 371
25188 368
25300 368
25416 364
25532 359
25644 359
25756 359
25868 359
25980 359
26092 359
26204 359
26316 364
26436 368
26548 368
26660 376
26772 384
26884 384
26996 384
27108 385
27220 391
27332 398
27452 403
27564 408
27676 415
27788 419
27900 430
28012 433
28124 448
28236 449
28348 455
28468 463
28580 476
28692 481
28804 494
