4 423
116 423
232 432
344 433
456 440
568 448
680 455
796 463
912 476
1024 481
1136 487
1248 492
1360 496
1472 496
1584 496
1696 496
1808 492
1924 487
2036 481
2148 480
2260 472
2372 462
2484 451
2596 448
2708 440
2820 432
2940 423
3052 423
3164 423
3276 423
3388 423
3500 428
3612 432
3724 440
3840 448
3956 451
4068 462
4180 472
4292 480
4404 483
4516 487
4632 496
4744 496
4856 496
4972 496
5084 496
5196 487
5312 483
5424 480
5536 472
5648 463
5760 455
5872 448
5988 440
6104 432
6216 428
6328 423
6440 423
6552 423
6664 423
6776 423
6888 432
7008 433
7120 440
7232 448
7344 455
7456 463
7568 476
7680 481
7792 487
7904 492
8024 496
8136 496
8248 496
8360 496
8472 492
8584 487
8696 481
8808 480
8920 472
9040 455
9152 449
9264 448
9376 433
9488 432
9600 423
9712 423
9824 423
9940 423
10056 423
10168 428
10280 432
10392 440
10504 448
10620 451
10732 462
10844 472
10956 480
11072 483
11184 487
11300 496
11412 496
11524 496
11636 496
11748 496
11860 487
11972 483
12092 480
12204 472
12316 463
12428 455
12540 448
12652 440
12764 432
12876 428
12988 423
13108 423
13220 423
13332 423
13444 423
13556 432
13668 433
13780 448
13892 448
14004 455
14124 465
14236 476
14348 481
14460 487
14572 492
14684 496
14796 496
14908 496
15020 496
15140 492
15252 487
15364 480
15476 480
15588 467
15700 455
15816 448
15928 448
16040 433
16156 432
16268 423
16380 423
16496 423
16608 423
16720 423
16832 430
16944 432
17056 440
17168 448
17284 451
17396 463
17508 472
17620 480
17732 483
17844 487
17956 496
18068 496
18180 496
18300 496
18412 496
18524 487
18636 483
18748 480
18860 472
18976 463
19088 455
19200 448
19316 440
19428 432
19540 428
19656 423
19768 423
19880 423
19992 423
20104 423
20216 432
20332 440
20448 448
20560 448
20672 455
20784 467
20896 480
21008 481
21120 487
21232 494
21352 496
21464 496
21576 496
21688 496
21800 492
21912 487
22024 481
22136 476
22248 467
22368 455
22480 448
22592 440
22704 433
22816 432
22928 423
23040 423
23152 423
23264 423
23384 423
23496 432
23608 432
23720 440
23832 448
23944 451
24056 463
24172 472
24284 480
24400 487
24512 487
24624 496
24736 496
24852 496
24964 496
25076 494
25188 487
25300 483
25416 480
25532 472
25644 463
25756 451
25868 448
25980 440
26092 432
26204 423
26316 423
26436 423
26548 423
26660 423
26772 423
26884 432
26996 440
27108 448
27220 448
27332 455
27452 472
27564 480
27676 481
27788 487
27900 494
28012 496
28124 496
28236 496
28348 496
28468 487
28580 487
28692 480
28804 476
