24 664
136 655
248 647
360 639
476 638
588 632
700 624
812 615
924 609
1040 604
1156 600
1268 591
1380 575
1492 575
1604 572
1716 561
1828 556
1940 547
2060 543
2172 536
2284 527
2396 519
2508 513
2620 508
2732 504
2844 496
2956 487
3076 480
3188 472
3300 463
3412 455
3524 449
3636 448
3748 440
3860 432
3972 423
4092 415
4204 408
4316 399
4428 391
4540 385
4652 384
4764 376
4876 368
4992 359
5108 352
5220 344
5332 335
5444 327
5556 319
5668 316
5784 312
5896 304
6008 295
6124 287
6236 280
6348 271
6464 255
6576 255
6688 254
6800 248
6912 240
7024 231
7140 224
7256 220
7368 207
7480 199
7592 195
7704 192
7816 184
7928 176
8040 167
8160 159
8272 156
8384 147
8496 142
8608 127
8720 127
8832 120
8944 113
9056 103
9176 99
9288 96
9400 88
9512 79
9624 71
9736 63
9848 62
9960 56
10072 48
10184 48
10304 51
10416 60
10528 63
10640 71
10752 79
10864 88
10980 96
11092 99
11204 103
11320 112
11432 120
11544 127
11660 127
11772 142
11884 147
11996 156
12108 159
12220 167
12336 176
12452 184
12564 192
12676 195
12788 199
12900 207
13012 216
13124 224
13236 231
13356 240
13468 248
13580 252
13692 255
13804 255
13916 271
14028 280
14140 287
14252 291
14372 304
14484 312
14596 316
14708 319
14820 327
14932 335
15044 344
15156 352
15268 355
15388 368
15500 376
15612 384
15724 385
15836 391
15948 399
16060 408
16176 415
16288 419
16404 430
16516 435
16628 448
16740 448
16856 455
16968 463
17080 472
17192 480
17304 483
17420 492
17536 497
17648 508
17760 512
17872 519
17984 527
18096 536
18208 540
18320 543
18440 551
18552 560
18664 568
18776 575
18888 575
19000 588
19112 591
19224 604
19336 608
19456 615
19568 624
19680 632
19792 636
19904 639
20016 639
20128 655
20240 664
20352 668
20472 655
20584 652
20696 639
20808 639
20920 632
21032 624
21144 615
21256 611
21372 608
21488 600
21600 591
21712 583
21824 575
21936 572
22052 563
22164 558
22276 547
22388 543
22504 536
22616 527
22732 519
22844 513
22956 508
23068 504
23180 496
23292 487
23404 480
23524 472
23636 463
23748 455
23860 449
23972 448
24084 440
24196 432
24308 423
24420 415
24540 408
24652 399
24764 391
24876 387
24988 384
25100 376
25212 368
25324 359
25436 352
25548 344
25668 335
25780 327
25892 319
26004 318
26116 312
26228 304
26340 295
26452 287
26568 284
26684 271
26796 255
26908 255
27020 255
27132 248
27244 240
27356 231
27468 224
27580 220
27700 211
27812 206
27924 195
28036 192
28148 184
28260 176
28372 167
28488 159
28600 156
28716 152
28828 143
28944 127
29056 127
29168 124
29284 113
29396 103
29508 99
29620 96
29732 88
29844 79
29960 71
30076 63
30188 62
30300 56
30412 48
30524 46
30636 51
30748 60
30860 63
30980 71
31092 79
31204 88
31316 92
31428 97
31540 103
31652 112
31764 120
31876 127
31996 127
32108 135
32220 143
32332 156
32444 159
32556 167
32668 176
32780 184
32892 192
33012 193
33124 199
33236 207
33348 216
33460 224
33572 227
33684 240
33796 243
33912 252
34028 255
34140 255
34252 271
34364 280
34476 287
34592 291
34704 302
34816 305
34928 316
35044 319
35156 327
35272 335
35384 344
35496 352
35608 355
35720 364
35832 369
35944 384
36056 385
36176 391
36288 399
36400 408
36512 415
36624 419
36736 428
36848 433
36960 448
37072 448
37192 455
37304 463
37416 472
37528 480
37640 481
37752 487
37864 496
37976 504
38088 511
38208 519
38320 526
38432 536
38544 540
38656 543
38768 551
38880 560
38992 568
39104 575
39224 575
39336 588
39448 591
39560 600
39672 608
39784 611
39900 624
40012 632
40124 636
40240 639
40352 639
40464 655
40580 664
40692 668
40804 655
40916 654
41028 639
41140 639
41256 632
41372 624
41484 615
41596 611
41708 608
41820 600
41932 591
42044 583
42156 575
42276 572
42388 568
42500 560
42612 551
42724 543
42836 536
42948 527
43060 519
43172 515
43292 508
43404 504
43516 496
43628 487
43740 480
43852 472
43964 463
44076 455
44188 451
44308 448
44420 440
44532 432
44644 423
44756 415
44868 412
44980 399
45096 396
45208 387
45324 384
45436 376
45548 368
45660 359
45776 352
45888 348
46000 337
46112 327
46224 319
46340 318
46456 312
46568 304
46680 295
46792 287
46904 284
47016 271
47128 255
47240 255
47360 255
47472 248
47584 240
47696 231
47808 225
47920 220
48032 216
48144 206
48256 195
48376 192
48488 184
48600 176
48712 167
48824 159
48936 158
49048 152
49160 143
49272 135
49392 127
49504 124
49616 113
49728 110
49840 99
49952 96
50064 88
50176 79
50292 71
50408 63
50520 62
50632 56
50744 48
50856 46
50972 49
51084 56
51196 63
51308 71
51424 79
51536 88
51652 92
51764 97
51876 103
51988 112
52100 120
52212 126
52324 127
52436 135
52552 143
52664 152
52776 159
52888 167
53000 176
53112 184
53224 192
53336 192
53448 199
53568 207
53680 216
53792 224
53904 227
54016 236
54128 241
54240 252
54352 255
54464 255
54584 271
54696 280
54808 286
54920 287
55032 295
55144 305
55256 312
55372 319
55484 327
55600 335
55712 344
55824 352
55936 355
56052 359
56164 369
56276 384
56388 384
56500 391
56616 399
56732 408
56844 414
56956 415
57068 423
57180 433
57292 440
57404 448
57516 455
57636 462
57748 472
57868 480
57980 481
58092 487
58204 496
58316 504
58436 511
58548 519
58660 526
58772 531
58884 540
58996 543
59108 551
59220 560
59332 568
59452 574
59564 575
59676 583
59788 591
59900 600
60012 608
60124 611
60236 620
60348 625
60468 632
60580 639
60692 639
60804 654
60916 664
61028 668
61140 664
61252 654
61364 639
61484 639
61596 632
61708 625
61820 620
61932 611
62044 608
62156 600
62268 591
62384 583
62500 575
62612 572
62724 568
62836 560
62948 551
63064 543
63176 536
63288 527
63400 524
63516 515
63628 510
63744 504
63856 496
63968 487
64080 480
64192 476
64304 465
64416 462
64536 451
64648 448
64760 440
64872 432
64984 423
65096 415
65208 412
65320 408
65432 398
65552 387
65664 384
65776 384
65888 368
66000 359
66112 353
66224 348
66336 339
66448 334
66560 319
66680 319
66792 312
66904 304
67016 295
67128 287
67240 284
67352 280
67464 270
67580 255
67696 255
67808 248
67920 240
68032 231
68144 225
68256 224
68368 216
68480 207
68592 199
68712 192
68824 184
68936 176
69048 167
69160 163
69272 159
69384 152
69500 143
69612 135
69728 127
69840 124
69952 115
70064 112
70180 103
70292 96
70404 88
70516 81
70628 71
70744 63
70860 63
70972 56
71084 48
71196 39
71308 49
71420 56
71532 63
71644 71
71764 78
71876 83
71988 92
72100 96
72212 103
72324 112
72436 120
72548 126
72660 127
72780 135
72892 143
73004 152
73116 159
73228 163
73340 174
73452 177
73564 188
73676 192
73796 199
73908 207
74020 216
74132 224
74244 227
74356 231
74468 241
74580 248
74692 255
74812 255
74924 271
75036 280
75148 286
75260 287
75372 295
75488 304
75600 312
75712 319
75828 327
75940 335
76052 344
76168 352
76280 355
76392 359
76504 368
76616 384
76728 384
76844 391
76960 399
77072 408
77184 412
77296 415
77408 423
77520 432
77632 440
77744 448
77864 455
77976 462
78088 472
78200 476
78312 481
78424 487
78536 496
78648 504
78760 510
78880 515
78992 524
79104 527
79216 540
79328 543
79440 551
79552 560
79664 568
79776 572
79896 575
80008 583
80120 591
80232 600
80344 608
80456 611
80568 620
80684 625
80796 632
80912 639
81024 639
81136 654
81248 664
81364 668
81476 664
81588 655
81700 639
81812 639
81928 636
82044 632
82156 622
82268 611
82380 608
82492 600
82604 591
82716 583
82828 575
82940 574
83056 568
83168 560
83280 551
83392 543
83504 540
83616 531
83728 526
83840 515
83952 511
84072 504
84184 496
84296 487
84408 481
84520 480
84632 472
84744 462
84856 455
84972 448
85088 440
85200 432
85312 423
85424 415
85536 412
85648 408
85764 399
85876 391
85988 384
86104 384
86216 368
86328 359
86444 353
86556 352
86668 344
86788 334
86900 319
87012 319
87128 312
87240 304
87352 295
87468 287
87580 284
87692 280
87804 271
87916 255
88028 255
88140 248
88256 240
88368 231
88480 225
88592 224
88704 216
88816 207
88928 199
89040 192
89152 188
89272 177
89384 167
89496 163
89608 159
89720 152
89832 143
89944 135
90060 127
90172 124
90288 120
90400 112
90512 103
90624 96
90740 92
90852 83
90964 78
91076 67
91188 63
91304 56
91420 48
91532 39
91644 48
91756 56
91868 63
91980 67
92092 76
92204 81
92324 92
92436 96
92548 103
92660 112
92772 120
92884 126
92996 127
93108 135
93220 143
93340 152
93452 159
93564 163
93676 167
93788 177
93900 188
94012 192
94124 199
94236 207
94356 216
94468 224
94580 227
94692 231
94804 240
94916 248
95028 255
95140 255
95256 270
95372 280
95484 284
95596 287
95708 295
95820 304
95936 312
96048 319
96160 319
96272 334
96388 344
96500 348
96616 353
96728 359
96840 368
96952 384
97064 384
97176 387
97288 398
97408 408
97520 412
97632 415
97744 423
97856 432
97968 440
98080 448
98192 451
98304 460
98424 465
98536 476
98648 480
98760 487
98872 496
98984 504
99096 510
99208 515
99320 519
99440 527
99552 536
99664 543
99776 551
99888 560
100000 568
100112 572
100224 575
100336 583
100456 591
100568 600
100680 608
100792 611
100904 615
101016 624
101132 632
101244 639
101356 639
101472 652
101584 655
101696 664
101812 664
101924 655
102036 639
102148 639
102260 636
102372 632
102488 624
102604 615
102716 608
102828 600
102940 591
103052 588
103164 575
103276 575
103388 568
103500 560
103616 551
103728 543
103840 540
103952 536
104064 527
104176 519
104288 511
104400 504
104512 497
104632 487
104744 481
104856 480
104968 472
105080 463
105192 455
105304 448
105416 440
105532 433
105648 423
105760 415
105872 414
105984 408
106096 399
106212 391
106324 384
106436 384
106548 369
106664 359
106776 355
106892 352
107004 344
107116 335
107228 327
107340 319
107452 312
107564 305
107684 295
107796 287
107908 286
108020 280
108132 271
108244 255
108356 255
108468 252
108580 241
108700 231
108812 227
108924 224
109036 216
109148 207
109260 199
109372 192
109484 192
109596 179
109716 174
109828 167
109940 159
110052 152
110164 143
110276 135
110388 127
110500 126
110612 120
110732 112
110844 103
110956 97
111068 92
111180 83
111292 79
111404 71
111520 63
111632 60
111748 49
111860 46
111972 48
112084 56
112200 62
112312 63
112424 71
112536 79
112648 88
112764 96
112880 103
112992 112
113104 115
113216 124
113328 127
113440 135
113552 143
113664 152
113784 158
113896 163
114008 167
114120 177
114232 184
114344 192
114456 199
114568 206
114680 211
114800 220
114912 225
115024 231
115136 240
115248 248
115360 255
115472 255
115584 255
115696 275
115808 284
115920 287
116032 295
116144 304
116256 312
116368 319
116488 319
116600 334
116712 335
116824 348
116936 352
117048 359
117160 368
117272 384
117384 384
117504 387
117616 391
117728 401
117840 412
117952 415
118064 423
118176 432
118292 440
118404 448
118520 451
118632 455
118744 463
118856 472
118972 480
119084 487
119196 496
119308 504
119420 508
119536 513
119652 519
119764 527
119876 536
119988 543
120100 547
120212 556
120324 561
120436 572
120556 575
120668 583
120780 591
120892 600
121004 608
121116 609
121228 615
121340 624
121452 632
121572 639
121684 639
121796 647
121908 655
122020 664
122132 664
122244 655
122356 639
122468 639
122588 636
122700 632
122812 624
122924 615
123036 608
123148 604
123260 591
123372 590
123488 575
123604 575
123716 568
123828 560
123940 551
124052 543
124168 542
124280 536
124392 527
124504 519
124620 512
124732 504
124848 496
124960 487
125072 483
125184 480
125296 472
125408 463
125520 455
125640 448
125752 448
125864 433
125976 428
126088 419
126200 415
126312 408
126424 399
126536 391
126656 384
126768 384
126880 369
126992 364
127104 355
127216 352
127328 344
127440 335
127552 327
127664 319
127784 316
127896 305
128008 295
128120 287
128232 287
128344 280
128456 271
128568 255
128684 255
128800 252
128912 241
129024 238
129136 227
129248 224
129360 216
129472 207
129584 199
129696 193
129816 192
129928 184
130040 176
130152 167
130264 159
130376 152
130488 143
130604 135
130716 127
130832 126
130944 120
131056 112
131168 103
131284 97
131396 94
131508 88
131620 79
131732 71
131848 63
131964 60
132076 51
132188 48
132300 48
132412 56
132524 62
132636 63
132748 71
132868 79
132980 88
133092 96
133204 99
133316 110
133428 113
133540 124
133652 127
133764 135
133884 143
133996 152
134108 156
134220 159
134332 167
134444 176
134556 184
134668 192
134780 195
134900 206
135012 211
135124 220
135236 224
135348 231
135460 240
135572 248
135684 255
135800 255
135916 255
136028 271
136140 284
136252 287
136364 295
136480 304
136592 312
136704 318
136816 319
136932 327
137044 335
137160 348
137272 352
137384 359
137496 368
137608 376
137720 384
137832 387
137952 391
138064 399
138176 408
138288 415
138400 423
138512 432
138624 440
138736 448
138848 449
138968 455
139080 463
139192 472
139304 480
139416 483
139528 496
139640 504
139752 508
139864 512
139984 519
140096 527
140208 536
140320 543
140432 547
140544 556
140656 561
140768 569
140880 575
141000 575
141112 590
141224 600
141336 604
141448 609
141560 615
141676 624
141788 632
141900 638
142016 639
142128 647
142240 655
142356 664
142468 664
142580 655
142692 639
142804 639
142916 638
143032 632
143148 624
143260 615
143372 608
143484 604
143596 600
143708 590
143820 575
143932 575
144044 568
144160 560
144272 556
144384 543
144496 542
144608 536
144720 527
144832 519
144944 512
145056 508
145168 499
145280 494
145400 483
145512 480
145624 472
145736 463
145848 455
145960 449
146072 448
146184 440
146296 432
146416 419
146528 415
146640 408
146752 399
146864 391
146976 385
147088 384
147200 376
147312 368
147432 355
147544 352
147656 344
147768 335
147880 327
147992 319
148104 316
148216 312
148332 304
148448 291
148560 287
148672 280
148784 271
148896 255
149012 255
149124 252
149236 248
149348 240
149464 231
149576 224
149692 216
149804 207
149916 199
150028 195
150140 192
150252 184
150364 176
150484 167
150596 159
150708 156
150820 147
150932 142
151044 127
151156 127
151268 120
151380 113
151500 103
151612 99
151724 96
151836 88
151948 79
152060 71
152172 63
152284 60
152396 56
152516 48
152628 48
152740 56
152852 62
152964 63
153076 71
153188 79
153300 88
153412 96
153532 99
153644 103
153756 113
153868 120
153980 127
154092 127
154208 142
154320 147
154432 156
154548 159
154660 167
154772 176
154888 184
155000 192
155112 195
155224 199
155336 207
155448 216
155564 224
155680 231
155792 240
155904 248
156016 254
156128 255
156240 255
156352 271
156464 280
156576 287
156696 295
156808 304
156920 312
157032 316
157144 319
157256 327
157368 335
157480 344
157592 352
157712 359
157824 368
157936 376
158048 384
158160 385
158272 391
158384 399
158496 408
158608 415
158728 423
158840 432
158952 440
159064 448
159176 449
159288 455
159404 463
159516 472
159628 480
159744 483
159856 492
159968 497
160084 508
160196 512
160308 519
160420 527
160532 536
160644 542
160760 543
160876 551
160988 560
161100 568
161212 575
161324 575
161436 590
161548 591
161660 604
161780 608
161892 615
162004 624
162116 632
162228 636
162340 639
162452 639
162564 655
162676 664
162796 664
162908 655
163020 647
163132 639
163244 639
163356 632
163468 624
163580 615
163692 609
163812 608
163924 600
164036 591
164148 583
164260 575
164372 572
164484 561
164600 556
164712 547
164828 543
164940 536
165052 527
165164 519
165280 513
165392 508
165504 504
165616 496
165728 487
165844 480
165960 472
166072 463
166184 455
166296 449
166408 448
166520 440
166632 432
166744 423
166864 415
166976 408
167088 399
167200 391
167312 385
167424 384
167536 376
167648 368
167760 359
167880 352
167992 344
168104 335
168216 327
168328 319
168440 318
168552 312
168664 304
168776 295
168896 287
169008 280
169120 271
169232 255
169344 255
169456 254
169568 248
169680 240
169796 231
169912 224
170024 216
170136 207
170248 199
170360 195
170476 192
170588 184
170700 176
170812 167
170928 159
171040 156
171156 147
171268 142
171380 127
171492 127
171604 120
171716 113
171828 103
171948 99
172060 96
172172 88
172284 79
172396 71
172508 63
172620 62
172732 56
172844 48
172956 48
173076 56
173188 60
173300 63
173412 71
173532 79
173644 88
173756 96
173868 99
173980 103
174092 112
174204 120
174316 127
174436 127
174548 142
174660 147
174772 156
174884 159
174996 167
175108 176
175220 184
175332 192
175452 195
175564 199
175676 207
175788 216
175900 224
176012 231
176124 240
176240 248
176352 254
176468 255
176580 255
176692 271
176804 280
176920 287
177032 295
177144 304
177256 312
177368 316
177484 319
177596 327
177712 335
177824 344
177936 352
178048 359
178160 368
178272 376
178384 384
178504 385
178616 391
178728 399
178840 408
178952 415
179064 419
179176 430
179288 440
179400 448
179520 449
179632 455
179744 463
179856 472
179968 480
180080 483
180192 492
180304 497
180416 508
180536 512
180648 519
180760 527
180872 536
180984 542
181096 543
181208 551
181320 560
181432 568
181552 575
181664 575
181776 590
181888 591
182000 604
182112 608
182228 615
182340 624
182452 632
182568 636
182680 639
182792 639
182908 655
183020 664
183132 664
183244 655
183356 652
183468 639
183584 639
183700 632
183812 624
183924 615
184036 609
184148 608
184260 600
184372 591
184484 583
184604 575
184716 572
184828 561
184940 556
185052 547
185164 543
185276 536
185388 527
185500 519
185620 513
185732 508
185844 504
185956 496
186068 487
186180 480
186292 472
186404 463
186516 455
186636 451
186748 448
186860 440
186972 432
187084 423
187196 415
187308 408
187424 399
187536 391
187652 387
187764 384
187876 376
187988 368
188104 359
188216 352
188328 344
188440 335
188552 327
188664 319
188784 316
188896 312
189008 304
189120 295
189232 287
189344 280
189456 271
189568 255
189680 255
189800 254
189912 248
190024 240
190136 231
190248 224
190360 220
190472 207
190584 199
190696 195
190816 192
190928 184
191040 176
191152 167
191264 159
191376 156
191488 152
191600 142
191712 127
191832 127
191944 120
192056 113
192168 103
192280 99
192392 96
192504 88
192620 79
192732 71
192848 63
192960 60
193072 56
193184 48
193300 48
193412 56
193524 60
193636 63
193748 71
193864 79
193980 88
194092 96
194204 99
194316 103
194428 112
194540 120
194652 127
194764 127
194884 142
194996 145
195108 156
195220 159
195332 167
195444 176
195556 184
195668 192
195780 193
195900 199
196012 207
196124 216
196236 224
196348 231
196460 240
196572 248
196684 252
196796 255
196916 255
197028 271
197140 280
197252 287
197364 295
197476 302
197588 307
197700 316
197816 319
197932 327
198044 335
198156 344
198268 352
198380 355
198496 364
198608 376
198720 384
198832 384
198948 391
199060 399
199176 408
199288 415
199400 419
199512 430
199624 433
199736 448
199848 448
199968 455
200080 463
200192 472
200304 480
200416 483
200528 492
200640 497
200752 504
200864 512
200984 519
201096 527
201208 536
201320 540
201432 543
201544 551
201656 560
201768 568
201880 575
202000 575
202112 588
202224 591
202336 600
202444 608
202556 611
202676 620
202788 632
202900 636
203012 639
203124 639
203236 654
203348 664
203460 668
203572 664
203692 655
203804 639
203916 639
204028 636
204140 625
204252 622
204368 611
204480 608
204592 600
204708 591
204820 583
204932 575
205048 574
205160 568
205272 560
205384 551
205496 543
205608 540
205724 527
205840 524
205952 515
206064 510
206176 504
206288 496
206400 487
206512 481
206624 476
206744 465
206856 462
206968 451
207080 448
207192 440
207304 432
207416 423
207528 415
207640 412
207760 408
207872 398
207984 387
208096 384
208208 384
208320 368
208432 359
208544 353
208656 348
208776 339
208888 334
209000 319
209112 319
209224 312
209336 304
209448 295
209564 287
209676 284
209792 275
209904 255
210016 255
210128 255
210244 248
210356 240
210468 231
210580 227
210692 224
210808 216
210924 207
211036 199
211148 192
211260 184
211372 177
211484 172
211596 163
211708 159
211828 152
211940 143
212052 135
212164 127
212276 124
212388 120
212500 112
212612 103
212724 96
212836 92
212956 79
213068 76
213180 67
213292 63
213404 56
213516 49
213628 39
213740 48
213852 56
213972 63
214084 71
214196 78
214308 83
214420 92
214532 96
214644 103
214760 112
214872 120
214988 124
215100 127
215212 135
215324 143
215440 152
215552 159
215664 163
215776 172
215888 179
216004 188
216120 192
216232 199
216344 207
216456 216
216568 224
216680 227
216792 231
216904 240
217024 248
217136 255
217248 255
217360 271
217472 280
217584 284
217696 287
217808 295
217920 304
218040 312
218152 319
218264 319
218376 335
218488 344
218600 348
218712 353
218824 359
218936 368
219056 384
219168 384
219280 387
219392 398
219504 408
219616 412
219728 415
219840 423
219956 432
220072 440
220184 448
220296 451
220408 462
220520 467
220636 476
220748 480
220860 487
220972 496
221088 504
221200 510
221316 515
221428 524
221540 527
221652 536
221764 543
221876 551
221988 560
222108 568
222220 572
222332 575
222444 583
222556 591
222668 600
222780 608
222892 611
223004 615
223124 625
223236 632
223348 639
223460 639
223572 654
223684 655
223796 668
223908 664
224020 655
224140 639
224252 639
224364 636
224476 632
224588 624
224700 615
224812 608
224924 600
225036 591
225156 583
225268 575
225380 574
225492 568
225604 560
225716 551
225832 543
225944 540
226056 536
226172 526
226284 515
226396 511
226508 504
226624 496
226736 487
226848 481
226960 480
227072 472
227188 462
227304 451
227416 448
227528 440
227640 432
227752 423
227864 415
227976 412
228088 408
228200 399
228320 391
228432 384
228544 384
228656 368
228768 359
228880 355
228992 352
229104 344
229216 335
229336 319
229448 319
229560 312
229672 304
229784 295
229896 287
230008 284
230120 280
230232 271
230352 255
230464 255
230576 248
230688 241
230800 231
230912 227
231024 224
231140 216
231252 207
